-5.82341 31.4346 2 -5.68280345403221 31.441081967729545 2
-6.07201 31.5343 2 -5.90464 31.5395 2
-10.5755 -1.86782 2 -8.59648 -1.86545 2
-3.647201434746248 18.986921602441424 2 -3.6363218502799324 24.048803913348465 2
-3.53739 19.1278 2 -3.5301 23.8354 2
-5.616639275181651 37.439965213511464 2 -5.610828126447727 39.371744877193244 2
-5.91763 37.5435 2 -5.911746311760217 39.372729862901174 2
-5.914466165949056 9.69787556195206 2 -5.91305 11.5288 2
-5.831907767823041 9.697904646107377 2 -5.831150036212636 11.632915489309937 2
-3.53247 26.9341 2 -3.27323 26.9379 2
-3.27181 27.4877 2 -2.919200957783127 27.488355738719985 2
-16.937532544263878 21.894189113872635 2 -16.93590699600227 23.327285210703334 2
-17.1131 22.2135 2 -17.113048981979738 23.327019310221097 2
-3.67210863838273 7.398488800432989 2 -3.668898726289482 8.891946321231194 2
-3.534508618928879 7.398906418779481 2 -3.53417 8.75525 2
-16.217726196089465 14.992850396358266 2 -15.6095 14.9941 2
-16.223894891081642 15.17615851469698 2 -15.4338 15.1863 2
-3.6015839584434493 40.2111050333703 2 -3.5983753587044682 41.70395196257193 2
-3.43719 40.3266 2 -3.4338978405770026 41.703497264559495 2
-3.6672395709644827 9.66389207124248 2 -3.6640466287161475 11.1494541289328 2
-3.53654 9.93379 2 -3.5327543699702213 11.14879978815139 2
-16.933178003371474 25.742249860126325 2 -16.931529435497556 27.171271499357818 2
-17.11466346713781 25.74213321634837 2 -17.1143 26.8316 2
-3.627816552958008 28.006015164950266 2 -3.6246893967468647 29.46096932773458 2
-3.53422 28.2219 2 -3.534161095602942 29.461484131686987 2
-15.432194333410953 31.833015837390093 2 -15.432054382063734 33.28201825904867 2
-15.613049318007004 31.83363244185477 2 -15.610378033595188 33.28265012270273 2
-15.432563672803388 28.00901782172432 2 -15.432427005626979 29.424017201973417 2
-15.6139 28.555 2 -15.612555947972357 29.424556860150258 2
-3.606411620646407 37.96496613129653 2 -3.603269127229567 39.42705614843798 2
-3.4303763375077287 37.964861979233305 2 -3.4281786010425908 39.426926896029336 2
-3.65890430309736 13.541994686640656 2 -3.655785828749692 14.992909488244635 2
-3.53393321231834 13.541269082260564 2 -3.52918 14.9314 2
-15.431976825072072 34.0850135211183 2 -15.43183880544927 35.514015611121195 2
-15.813179833142016 34.08588281417059 2 -15.81080029130201 35.514901147434514 2
-4.67619 1.56885 2 -3.77989 1.57047 2
-4.66273 1.29185 2 -3.5513700071852687 1.2934090621836631 2
-15.434336760139486 9.662018320436616 2 -15.434196941529489 11.101017472656599 2
-15.6126 9.93727 2 -15.61222938771639 11.101114343145829 2
-3.6147206745666938 34.099059929667746 2 -3.611634456905614 35.534966846388464 2
-3.4369139501003074 34.09753452804701 2 -3.429530886206525 35.533288586564375 2
-3.619532105275626 31.860472962389277 2 -3.6164400992534813 33.29907299690072 2
-3.5345546609764837 31.86081638792799 2 -3.53385 33.1277 2
-16.940094814377087 19.635271685831274 2 -16.938451261018923 21.084241217003278 2
-17.114011120247664 19.63526846416826 2 -17.1133 20.7308 2
-3.654102847775654 15.775940462308984 2 -3.651006802783237 17.21641968551931 2
-3.53282 16.0367 2 -3.532526697878014 17.216902615468754 2
-15.8755 8.63185 2 -15.6109 8.64091 2
-16.20211145007915 9.091879980095309 2 -15.8699 9.09196 2
-15.0666 1.55673 2 -14.3743 1.58584 2
-15.505750672473713 1.2935763913879397 2 -14.087726501935759 1.2944489082100923 2
-16.944500977402967 15.770309412431585 2 -16.942830542551327 17.212260097020273 2
-17.1131 16.0341 2 -17.112839590784585 17.212087126852733 2
-15.431549340338686 38.51102603337435 2 -15.431441167275388 39.631008325751054 2
-15.615287269188872 38.51158558127141 2 -15.613790219672461 39.63135235552024 2
-5.822372670028021 34.09253734469147 2 -5.821627631287922 36.001540597315156 2
-3.276541372948388 43.141030535519626 2 -3.2724859587622492 45.08001573202652 2
-2.3748444917571265 43.14078592987881 2 -2.3743788253135967 45.079787738849056 2
-4.965790105612954 42.7721111611024 2 -3.8815 42.7781 2
-4.966298493952352 42.592688415437856 2 -3.8422734383409156 42.59466724833206 2
-15.63426048097078 41.87784365402512 2 -15.632718037514612 43.613906609595475 2
-15.915310778927822 41.87802199996486 2 -15.914926840505064 43.614037972300444 2
-13.363561114656756 38.35999736435192 2 -13.362092091017994 39.70774494049227 2
-13.233265878922385 38.3596715974381 2 -13.2313 39.632 2
-13.673 41.2714 2 -13.671904046094614 42.28401159248961 2
-13.5733 41.0929 2 -13.5733 41.0929 2
-13.394841514247156 9.424057377753428 2 -13.393765188934722 10.41005920198588 2
-13.0741 9.73142 2 -13.072437875125715 10.409345332058498 2
-1.6125513125031792 2.0430184774761013 2 -1.612281290408192 3.0460039769315745 2
-1.4338382341481086 2.0428610405171415 2 -1.43264 2.99156 2
-14.012070685420007 2.2431918847991734 2 -14.008022936514326 3.2631080829260655 2
-13.833023036340261 2.2421653634632968 2 -13.8267 3.23233 2
-3.6780077109061824 4.653860919682968 2 -3.6755033509699255 5.819050206160949 2
-3.534614500676184 4.65345957826637 2 -3.531863967676119 5.818617716305561 2
-15.434826368711006 4.623015863212508 2 -15.43472784259984 5.6370367467197084 2
-15.616601513179011 4.62452309044151 2 -15.613 5.43707 2
-17.47728491538535 2.0683591032576683 2 -17.46789118547592 3.0358089091519997 2
-18.073104048853008 2.069571386412976 2 -18.0725 2.62968 2
-6.01578 4.73951 2 -6.00515 5.32747 2
-5.833955384669811 4.468928123534074 2 -5.833592787924488 5.394887426638026 2
-10.04890121724917 0.29123473651776716 2 -9.108914266298445 0.29232092857970765 2
-10.049472623727004 0.5738205407049032 2 -9.109502034368775 0.5760734143793936 2
-13.135269704411522 4.485147487060089 2 -13.123953053801928 5.461827899159152 2
-13.400233675596258 4.484397532026796 2 -13.399167197617286 5.46137839517331 2
-5.833119897457247 6.602502589040705 2 -5.832711861249609 7.644500145108825 2
-13.3980464938511 6.48803450473474 2 -13.39691776423739 7.522042945607479 2
-13.671093339002027 43.033068095718114 2 -13.671734366016352 42.44078827207298 2
-5.520788387038081 40.10175600865187 2 -5.503023126931588 40.588116860024016 2
-5.60985 39.6969 2 -5.60985 39.6969 2
-15.632198274630174 44.198914173888774 2 -15.631277826547791 45.234904058612564 2
-8.817849114110881 37.33248106134772 2 -8.332799714655179 37.33298300794272 2
