-0.6238947767368205 -18.25049973 -0.6580425851595321 -17.12199974
-21.48923611469171 6.04050016 -21.48328755659967 7.14849997
-6.337472413333934 8.67300034 -6.339112058886064 9.75800037
-3.95549989 15.920936286958652 -2.85500002 15.912040828980901
-27.11199951 1.2252505217652458 -26.01600075 1.2127953988069344
22.853799584021687 -15.05300045 22.84169913415969 -14.00399971
-11.77000046 15.9279468724809 -10.73950005 15.894620207584696
-21.539452494301468 4.50449991 -21.59049985172628 5.57649994
2.53200006 1.2337233361898985 3.55999994 1.2548101785244827
-14.41800022 -0.7672504941702053 -13.39400005 -0.7738286974340626
-8.56799984 15.961085755508385 -7.55100012 15.940638081197402
-32.139907486632005 -9.2329998 -32.14108959411523 -8.20400047
-19.29800034 1.220221182585537 -18.16500092 1.194645591248967
13.82600021 15.957157012948949 14.84300041 15.936875035356039
0.192 -15.259469805146077 1.26100004 -15.223790698795414
1.81900001 -15.247127460891116 2.86899996 -15.229722637553914
4.31400013 14.04035696839933 5.31599998 14.03680573245249
-21.31599998 -0.7647868574439813 -20.30599976 -0.7482295754094348
-2.13000011 15.89096672610859 -1.12199998 15.89311022752481
-19.87899971 15.892443783661813 -18.86700058 15.910287549329412
12.11250019 15.95671398072473 13.13199997 15.923156946998018
4.25500011 15.942721214551135 5.25699997 15.954899891947946
-16.9810009 -17.152520470681875 -15.92199993 -17.154421860506318
-8.14799976 -17.25665267063399 -7.11600018 -17.283468661873204
-21.495589669820376 -12.4630003 -21.46095007902978 -11.41100025
-13.31400013 -18.05320149655567 -12.29399967 -18.06004771458903
-4.1880002 -17.216412571474102 -3.09500003 -17.2308644179714
-32.16490234405872 -1.13 -32.15304069634865 -0.103
10.45300007 -17.27618420813677 11.47900009 -17.24094064896007
2.52999997 15.893552794800682 3.53800011 15.883865270149519
-8.456449145029861 -12.05599976 -8.451050367997073 -10.94699955
7.28599977 8.29739769505995 8.95049953 8.340383671207565
-32.137798349294954 -2.83500004 -32.16004997132853 -1.83500004
-13.49800014 15.911695861879414 -12.47599983 15.91804320375149
-32.151634598945286 -7.51200008 -32.12874952412871 -6.4749999
18.48649979 15.948612520630013 19.51099968 15.947432870423018
5.40799999 -18.091866650204658 6.42999983 -18.087028411751067
19.852443582065277 -12.10499954 20.22376260936531 -10.93350029
19.92000008 -17.92977139479249 20.92700005 -17.94219687496302
18.61100006 -17.962418956615345 19.62700081 -17.95849250110591
20.90131006147106 14.04699993 20.94557430946204 15.14900017
-6.453645934757267 -10.51900005 -6.418115563198915 -9.32600021
8.98099995 15.865239585272345 9.97700024 15.873724211713402
-2.05500007 13.901692966087882 -1.02100003 13.910550980759075
-12.00199986 -17.950616040770278 -10.96399975 -17.991262182313076
-18.99300003 -15.244411442078848 -17.87899971 -15.227321256199387
14.52350044 -17.309789245471073 15.90699959 -17.10856300841281
-6.487855835262947 -13.54899979 -6.469752670265526 -12.57600021
6.75699997 -18.121046352316935 7.73999977 -18.076363472892567
-21.23200035 -17.217318289271248 -20.20499992 -17.227932508877625
-18.1760006 15.903823387335168 -17.15200043 15.907848671709338
-27.06399918 -10.20678066525934 -26.02499962 -10.212309477535351
-10.41699982 13.910405882896718 -9.30799961 13.918160579474678
19.255316585561474 6.75899982 19.226806609112476 7.76499987
17.09035428524706 6.18100023 17.094170140401133 7.16699982
19.244628101070333 12.23900032 19.23739890397108 13.2510004
-8.336031456676025 6.579 -8.351042181267905 7.60200024
-24.44199944 -8.29875538398102 -23.40200043 -8.272674266456786
-24.44499969 -0.7167398264442144 -23.44000053 -0.7096619284641892
-13.63700008 13.971559473762346 -12.61600018 13.977327415025226
3.96650004 5.066842550439066 4.99749994 5.057093278760394
-21.43839686944508 -13.83699989 -21.47103782693427 -12.85999966
-12.18000031 -15.275815222902029 -11.16600037 -15.278382131791503
16.67000008 -15.229990707969291 17.72200012 -15.198728487031959
13.88399982 14.035810798652241 14.8760004 13.964082979435565
22.66699982 -15.61688615406456 22.67000008 -17.010112745940205
-21.40699959 -16.52398935747732 -21.3920002 -16.31400744626137
-17.32099915 -15.33417633264775 -16.3220005 -15.316517422443649
10.96399975 -15.280823201102391 11.99800014 -15.272714006173612
6.890719142349243 -14.89000034 6.887887183126322 -13.88599968
-19.61000061 -8.408477182133083 -19.59600067 -7.467523217866756
6.5669577566441655 2.97350001 6.676414895326095 4.38749981
19.269560221033007 8.03649998 19.272624010727593 9.06649971
17.419658914511576 1.9605 17.451233490151097 2.95849991
17.426888229910034 7.4124999 17.38611803992822 8.41950035
