-21.1785 5.44106 2.2 -21.1838 3.24753 2.2 -20.971 3.2486 2.2 -20.9843 2.78434 2.2 -18.0866 2.78699 2.2 -18.0771 2.98462 2.2 -15.8264 2.98533 2.2 -15.8228 5.61114 2.2 -18.8769 5.60008 2.2 -18.8835 5.44621 2.2
-21.1797 8.70475 2.2 -21.1849 6.13317 2.2 -20.5775 6.14653 2.2 -20.581 5.9434 2.2 -18.8819 5.9483 2.2 -18.8838 5.78372 2.2 -15.8246 5.78647 2.2 -15.8179 8.70891 2.2
-21.1805 11.0735 2.2 -21.1816 8.88344 2.2 -16.081 8.88635 2.2 -16.0798 9.53485 2.2 -15.8231 9.54669 2.2 -15.8218 11.7066 2.2 -20.9811 11.7051 2.2 -20.992 11.0786 2.2
-21.1767 14.8043 2.2 -21.1893 12.2447 2.2 -20.5875 12.2478 2.2 -20.5998 11.9852 2.2 -15.8231 11.9857 2.2 -15.8206 14.8076 2.2
-20.9812 17.6465 2.2 -20.9848 14.9856 2.2 -15.9867 14.9857 2.2 -15.9778 15.6421 2.2 -15.8282 15.6476 2.2 -15.8213 17.8062 2.2 -20.5805 17.8053 2.2 -20.5853 17.6492 2.2
-21.1817 20.8048 2.2 -21.1828 18.3405 2.2 -20.5829 18.3487 2.2 -20.5927 18.0828 2.2 -15.8249 18.0841 2.2 -15.8219 20.8078 2.2
-21.1809 24.0055 2.2 -21.1829 21.457 2.2 -20.9784 21.4581 2.2 -20.979 21.0838 2.2 -16.1885 21.0884 2.2 -16.1735 21.6415 2.2 -15.8264 21.6463 2.2 -15.8229 24.0067 2.2
-21.1821 26.942 2.2 -21.1835 24.4396 2.2 -20.5755 24.4445 2.2 -20.5881 24.1859 2.2 -15.8232 24.1867 2.2 -15.8224 26.952 2.2
-21.1795 32.726 2.2 -21.1836 30.544 2.2 -20.7089 30.5454 2.2 -20.7101 30.3826 2.2 -15.8242 30.3844 2.2 -15.8191 33.1064 2.2 -20.9819 33.0998 2.2 -20.9866 32.7297 2.2
-21.1771 35.4462 2.2 -21.1869 33.64 2.2 -20.9849 33.6415 2.2 -20.9873 33.3847 2.2 -15.986 33.3852 2.2 -15.9717 33.9339 2.2 -15.7237 33.9351 2.2 -15.7192 36.2086 2.2 -20.9604 36.2041 2.2 -20.9676 35.45 2.2
-20.9814 2.60354 2.2 -20.9896 -1.87443 2.2 -20.58 -1.85782 2.2 -20.5849 -2.25703 2.2 -17.7244 -2.25381 2.2 -17.7226 0.656123 2.2 -17.9332 0.654853 2.2 -17.9164 2.24296 2.2 -18.0871 2.24151 2.2 -18.0869 2.60906 2.2
-20.9848 29.8478 2.2 -20.9857 27.2435 2.2 -16.5016 27.2455 2.2 -16.4777 27.7427 2.2 -15.8277 27.7451 2.2 -15.8216 30.1066 2.2 -20.5822 30.105 2.2 -20.5844 29.8588 2.2
-20.4817 40.6459 2.2 -20.4842 36.3841 2.2 -15.6235 36.3852 2.2 -15.6231 40.334 2.2 -15.8841 40.3215 2.2 -15.8779 40.6507 2.2
-17.6391 2.80367 2.2 -17.6411 1.7383 2.2 -17.3774 1.74471 2.2 -17.389 1.18716 2.2 -14.1907 1.18982 2.2 -14.1798 1.82248 2.2 -13.9259 1.82866 2.2 -13.92 3.40686 2.2 -15.482 3.39986 2.2 -15.4871 2.80662 2.2
-17.438 0.904808 2.2 -17.4454 -2.36198 2.2 -14.2882 -2.35266 2.2 -14.2775 0.906457 2.2
-15.5399 23.0329 2.2 -15.5459 3.68524 2.2 -13.5303 3.69001 2.2 -13.5294 5.54436 2.2 -14.0016 5.538 2.2 -13.9827 5.94501 2.2 -13.5293 5.94852 2.2 -13.521 24.2691 2.2 -13.6503 24.2659 2.2 -13.6379 29.6481 2.2 -13.5186 29.6482 2.2 -13.5159 35.7064 2.2 -13.6238 35.7039 2.2 -13.6082 42.4484 2.2 -14.2905 42.4392 2.2 -14.2896 42.5458 2.2 -15.3694 42.5411 2.2 -15.3695 42.4247 2.2 -15.0988 42.4284 2.2 -15.0994 42.3384 2.2 -15.3696 42.3295 2.2 -15.3856 30.2762 2.2 -15.5376 30.2749 2.2 -15.5391 25.4367 2.2 -15.392 25.4425 2.2 -15.3952 23.0391 2.2
-13.8799 1.05168 2.2 -13.883 -2.55842 2.2 -11.4833 -2.55588 2.2 -11.4803 2.84595 2.2 -13.8783 2.84417 2.2 -13.8789 2.17928 2.2 -13.852 2.17962 2.2
-13.4442 11.4431 2.2 -13.4456 8.93948 2.2 -9.82454 8.949 2.2 -9.82256 11.4463 2.2
-13.4406 14.8436 2.2 -13.4463 12.2392 2.2 -9.82069 12.2472 2.2 -9.81987 14.8458 2.2
-13.3389 17.3473 2.2 -13.3453 15.2462 2.2 -9.82745 15.2464 2.2 -9.82306 17.747 2.2 -12.4712 17.7444 2.2 -12.4803 17.3519 2.2
-13.3366 4.74932 2.2 -13.3468 4.08699 2.2 -6.28379 4.08746 2.2 -6.27644 5.44979 2.2 -13.1843 5.4449 2.2 -13.1882 4.75236 2.2
-13.3389 29.5303 2.2 -13.3445 21.9842 2.2 -6.02326 21.9874 2.2 -6.02325 29.3518 2.2 -6.2843 29.3451 2.2 -6.27743 30.0061 2.2 -13.0824 30.0053 2.2 -13.0869 29.5319 2.2
-13.341 33.004 2.2 -13.3444 31.0244 2.2 -12.2694 31.0503 2.2 -12.2945 30.1843 2.2 -9.82534 30.1855 2.2 -9.82308 33.0054 2.2
-13.3435 35.4521 2.2 -13.3441 33.7318 2.2 -13.0806 33.7357 2.2 -13.0911 33.1833 2.2 -9.8223 33.1868 2.2 -9.82074 35.848 2.2 -13.0404 35.8432 2.2 -13.0477 35.4616 2.2
-13.3427 39.1459 2.2 -13.3429 36.8407 2.2 -10.3808 36.8474 2.2 -10.3719 37.0399 2.2 -9.82098 37.0441 2.2 -9.82071 39.1467 2.2
-13.0809 21.7017 2.2 -13.0817 18.1449 2.2 -6.28795 18.1475 2.2 -6.28096 18.7438 2.2 -6.02561 18.7541 2.2 -6.01924 21.2031 2.2 -6.38286 21.1939 2.2 -6.3778 21.7063 2.2
-11.079 2.90434 2.2 -11.0858 -1.9578 2.2 -8.48588 -1.95425 2.2 -8.48152 2.90588 2.2
-11.0793 3.80551 2.2 -11.0817 3.18587 2.2 -8.4916 3.18702 2.2 -8.48516 3.80849 2.2
-9.64006 11.2437 2.2 -9.64489 8.94682 2.2 -6.32413 8.94748 2.2 -6.31837 9.22928 2.2 -6.02505 9.23962 2.2 -6.02223 11.2467 2.2
-9.64377 17.7444 2.2 -9.64449 15.2417 2.2 -6.12659 15.2458 2.2 -6.11951 17.2507 2.2 -6.38651 17.2411 2.2 -6.37494 17.747 2.2
-9.63507 33.0045 2.2 -9.64659 30.2854 2.2 -6.18772 30.2883 2.2 -6.17913 31.1439 2.2 -6.02687 31.144 2.2 -6.02419 33.0071 2.2
-9.54099 14.8419 2.2 -9.5443 12.2459 2.2 -6.99365 12.2487 2.2 -6.97591 12.6459 2.2 -6.12541 12.6531 2.2 -6.1196 14.4357 2.2 -6.27795 14.4307 2.2 -6.27098 14.8494 2.2
-9.53992 35.8456 2.2 -9.54396 33.1838 2.2 -6.0299 33.1889 2.2 -6.01836 35.4467 2.2 -6.28398 35.4459 2.2 -6.28106 35.8467 2.2
-9.54269 39.1407 2.2 -9.54352 36.8461 2.2 -7.46641 36.8472 2.2 -7.46396 37.0445 2.2 -6.1279 37.0454 2.2 -6.12089 39.1476 2.2
-4.05966 3.38524 2.2 -5.85272 3.38288 2.2 -5.84111 41.8572 2.2 -6.07836 41.8489 2.2 -6.07672 42.446 2.2 -3.87451 42.447 2.2 -3.92612 4.41704 2.2 -4.03175 4.41406 2.2
-5.38077 3.10375 2.2 -5.38587 1.18401 2.2 -1.92681 1.18656 2.2 -1.92326 2.8019 2.2 -3.92481 2.80122 2.2 -3.91314 3.10823 2.2
-5.17932 0.648849 2.2 -5.18211 -2.55277 2.2 -3.2868 -2.55264 2.2 -3.28157 -2.36101 2.2 -2.18557 -2.35543 2.2 -2.18304 0.703327 2.2 -2.38341 0.699683 2.2 -2.37949 0.91242 2.2 -4.67811 0.903217 2.2 -4.67867 0.657952 2.2
-3.74003 5.13946 2.2 -3.74262 2.98462 2.2 -1.38907 2.98641 2.2 -1.39179 2.78186 2.2 1.51215 2.78975 2.2 1.51902 5.54704 2.2 -3.47291 5.54151 2.2 -3.47303 5.14201 2.2
-3.73997 42.2431 2.2 -3.74321 40.0377 2.2 -3.48148 40.047 2.2 -3.48687 39.4849 2.2 1.51607 39.4867 2.2 1.51855 42.2503 2.2
-3.64116 8.80186 2.2 -3.64658 5.94205 2.2 1.5142 5.94578 2.2 1.51845 8.82369 2.2
-3.63939 11.6448 2.2 -3.64374 9.33681 2.2 -3.37454 9.34935 2.2 -3.38914 8.98155 2.2 1.51778 8.9913 2.2 1.51843 11.4508 2.2 1.07722 11.4401 2.2 1.08388 11.6453 2.2
-3.64259 14.2399 2.2 -3.64527 12.0454 2.2 1.07646 12.0455 2.2 1.08588 12.2388 2.2 1.51392 12.2465 2.2 1.52094 14.8055 2.2 -3.08057 14.8051 2.2 -3.08902 14.2443 2.2
-3.64161 17.801 2.2 -3.64196 15.5461 2.2 -3.37417 15.5538 2.2 -3.39445 14.9842 2.2 1.51179 14.9848 2.2 1.52478 17.5451 2.2 1.10272 17.5408 2.2 1.11478 17.8093 2.2
-3.63696 20.3417 2.2 -3.64558 18.0802 2.2 1.11046 18.0905 2.2 1.11604 18.3401 2.2 1.61536 18.3489 2.2 1.61722 20.9056 2.2 -3.48143 20.9045 2.2 -3.48626 20.344 2.2
-3.64246 23.9056 2.2 -3.64377 21.1811 2.2 1.61785 21.1864 2.2 1.61926 23.746 2.2 1.11709 23.744 2.2 1.11741 23.908 2.2
-3.64421 26.4475 2.2 -3.64514 24.1818 2.2 1.51509 24.1877 2.2 1.51732 27.0084 2.2 -3.3751 27.0035 2.2 -3.38912 26.4578 2.2
-3.64403 30.0029 2.2 -3.64438 27.7342 2.2 -3.37683 27.7437 2.2 -3.38211 27.2864 2.2 1.61474 27.2901 2.2 1.62158 30.0079 2.2
-3.64073 32.4464 2.2 -3.64751 30.2845 2.2 1.51338 30.2856 2.2 1.51941 33.1059 2.2 -3.48335 33.1058 2.2 -3.4877 32.4503 2.2
-3.64182 36.1058 2.2 -3.64603 33.8578 2.2 -3.37973 33.8593 2.2 -3.38432 33.2827 2.2 1.51224 33.2854 2.2 1.51666 36.109 2.2
-3.63627 38.6379 2.2 -3.64645 36.383 2.2 1.51448 36.385 2.2 1.51738 39.2078 2.2 -3.48289 39.2056 2.2 -3.49013 38.6424 2.2
-1.74291 2.0415 2.2 -1.74322 -2.35529 2.2 1.51653 -2.35256 2.2 1.51733 2.50445 2.2 -1.47803 2.50349 2.2 -1.48066 2.04627 2.2
