-21.174799425272273 21.33099937 -21.112287160287636 23.46899986
1.6172882539781614 15.21500015 1.624141515629515 17.34499931
-21.16206177958232 33.57099915 -21.093719744019303 35.6780014
-21.106686987875356 9.13500023 -21.10181524348749 11.23099995
1.6311152365184334 0.25600001 1.6415327309611194 2.39899993
-21.18787721895925 6.38700008 -21.15629332312276 8.55099964
-21.105352160165847 12.51000023 -21.11834071550061 14.62899971
1.7489387036400021 30.80999947 1.7054287277842106 32.94200134
1.629869923936621 27.41300011 1.643055274691531 29.55999947
-21.119154621103508 30.81599998 -21.160922814696878 32.93000031
1.619295572046774 18.57799911 1.6585065361131244 20.70100021
-21.17832730188768 18.6420002 -21.154425157352232 20.7310009
-21.175264253754065 3.03399992 -21.156562584350237 5.14900017
1.61026002297175 12.5 1.6034833649785913 14.56000042
-21.093430336935768 15.22399998 -21.101778473843023 17.37899971
1.5702048978305474 9.13700008 1.5945206941615684 11.21100044
1.606006737068907 6.375 1.638782887173389 8.46800041
-5.32250023 -2.542194356844352 -3.19849992 -2.5301716354708406
1.6429140984492183 21.37700081 1.6278763408481425 23.44400024
1.7051680402742089 24.68799973 1.6928203720536206 26.81800079
1.6109921008760189 39.64300156 1.6133472042269423 41.74599838
1.635980384993925 36.92499924 1.6194842827728944 38.98400116
-21.041996607711965 27.45000076 -21.048787904234334 29.56299973
1.6634312982706738 33.59799957 1.6381135340863786 35.63899994
1.5952382864248094 3.0309999 1.6038511074259711 5.05499983
-21.08499908 24.75799942 -21.1190439575391 26.79700089
-13.53199959 -2.540386719994144 -11.5010004 -2.521227682465764
-21.09220983562227 0.34400001 -21.083664231449546 1.31700003
-16.27149963 -2.4867927552222406 -14.39550018 -2.505745653643922
-10.85599995 -2.0105831923730224 -9.375 -2.02039045120652
-7.43599987 -2.0647583729562324 -5.95800018 -2.017968234470237
-8.09000015 -2.024733785672596 -7.11100006 -2.005662223664204
-21.12169212320484 1.98500001 -21.11386669960283 2.40700006
-9.07400036 -1.9962574412348344 -8.69999981 -2.0098350358226194
