-12.35331812223428 -7.39599991 -12.34612123787511 -1.73300004
-2.23300004 -1.4155828678730675 3.57299995 -1.382724951317205
4.14300013 -1.4681495114056091 9.89000034 -1.4549348334257712
10.54100037 -1.3132042933944033 16.24399948 -1.3535599465101265
23.78029879028923 8.48700047 23.78643249847391 10.97900009
22.943493561040174 -7.53649998 22.90761808719668 -1.64250004
17.0095005 -23.260998834743138 19.32250023 -23.27178755467424
-2.64650011 -23.28716739276191 -0.2445 -23.137267817202485
-18.04100037 -23.144977832048212 -15.7670002 -23.203871680721733
-8.841387089172022 -7.38000011 -8.887813651038638 -1.64999998
-18.04649925 21.51948381618558 -15.73550034 21.5539796166215
19.87156392923717 -7.36149979 19.863668361875558 -1.67850006
17.14349937 21.42859680393151 19.32749939 21.435751083695063
23.73740046954816 5.35099983 23.735967039681352 7.78200006
-2.02399993 21.477027322522073 0.30199999 21.441474845037952
-20.45899963 -23.083919809844385 -18.94599915 -23.04695200357348
13.95300007 21.45693163216484 16.18899918 21.4660199192394
0.65549999 -23.145115651215754 2.92549992 -23.190490725191683
-8.1885004 20.828877021173888 -6.47949982 20.82210811702129
7.81599998 20.76415737053197 9.56299973 20.7598600183237
20.24749947 -23.131365716666274 21.69949913 -23.136790828363004
13.44250011 -23.16887925992356 15.69349957 -23.14226366942325
-5.995445199820205 -7.37200022 -6.055993643234687 -1.69500005
-37.78500644132007 -4.16400003 -37.7915786982502 -1.97599995
4.34000015 21.457625631122628 5.84299994 21.439209300025382
-37.804701671255046 -7.36100006 -37.77853316334225 -5.1420002
1.171 21.520345374583176 3.40300012 21.572282729304195
-20.4640007 21.41350817996412 -18.95899963 21.394858445190213
-4.5165 21.44366660293031 -3.03250003 21.46133393902019
-21.930287647265132 16.10400009 -21.804474369930688 17.65299988
-8.18500042 -22.45616192915893 -6.53399992 -22.4776639414659
-14.93999958 21.399420071682265 -12.59500027 21.429980374726007
-14.89000034 -23.1669981875783 -12.61900043 -23.180147646538494
-11.64700031 -23.19499969 -10.19200039 -23.260258175306017
-36.40599823 1.7760399423719901 -35.02399826 1.95924864147465
11.01550007 -23.16845174542651 12.47949982 -23.17280063545936
7.36999989 -22.42875028005203 9.14999962 -22.441111664837944
-5.796 -1.4430795415310582 -2.87700009 -1.3977359233576672
-11.6885004 21.525815476922787 -10.22649956 21.51523866705845
-4.45300007 -23.162483594786174 -3.00699997 -23.170345478240193
23.15480366873844 16.22500038 23.150789876084165 17.66399956
-36.43299866 -11.151131362499418 -34.91199875 -11.165873451507375
3.87350011 -23.162183957013767 5.30749989 -23.144199742681362
22.89646774665225 -11.01350021 22.898395722015426 -8.05049992
-21.819320059317207 18.54100037 -21.822389435062494 20.0720005
11.61349964 21.58593375115278 12.97649956 21.538505660891175
23.128977948559196 18.65999985 23.134160352318304 20.0890007
16.91799927 -1.33299994 19.625 -1.384803688626112
20.2859993 21.471560149460178 21.7310009 21.47733973680971
-37.80697724616431 -1.02100003 -37.813342365880786 0.428
-37.77616270719303 -9.85299969 -37.822995019604306 -8.34899998
