-22.5723 45.2322 2.2 -22.5746 42.4319 2.2 -17.37 42.4349 2.2 -17.373 41.4728 2.2 -15.9154 41.4746 2.2 -15.9149 43.7354 2.2 -17.5757 43.7285 2.2 -17.5714 45.2327 2.2
-20.7703 2.98637 2.2 -20.7762 -1.49157 2.2 -20.3702 -1.47589 2.2 -20.3797 -1.86823 2.2 -17.7144 -1.86606 2.2 -17.7125 1.33721 2.2 -18.0739 1.33152 2.2 -18.0725 2.62968 2.2 -18.2799 2.6221 2.2 -18.2792 2.99608 2.2
-20.7729 5.834 2.2 -20.7739 3.27339 2.2 -20.3989 3.27355 2.2 -20.3972 3.47098 2.2 -15.6217 3.47424 2.2 -15.613 5.43707 2.2 -15.8748 5.43496 2.2 -15.8719 6.09657 2.2 -20.3737 6.09185 2.2 -20.3759 5.84223 2.2
-20.8684 15.1917 2.2 -20.8732 12.7347 2.2 -20.4606 12.7448 2.2 -20.4681 12.5316 2.2 -15.6134 12.5373 2.2 -15.6095 14.9941 2.2 -17.2644 14.9907 2.2 -17.2625 15.1941 2.2
-20.8717 18.0228 2.2 -20.8752 15.471 2.2 -17.2725 15.4756 2.2 -17.2705 16.0307 2.2 -17.1131 16.0341 2.2 -17.1126 18.2959 2.2 -20.4715 18.2893 2.2 -20.4788 18.0302 2.2
-20.8736 24.3918 2.2 -20.8742 21.5678 2.2 -17.2742 21.5758 2.2 -17.2709 22.2086 2.2 -17.1131 22.2135 2.2 -17.113 24.3961 2.2
-20.8706 27.4914 2.2 -20.8738 24.7296 2.2 -17.115 24.7334 2.2 -17.1143 26.8316 2.2 -17.3728 26.8277 2.2 -17.3725 27.4939 2.2
-20.8727 30.33 2.2 -20.8736 27.6693 2.2 -16.3787 27.6782 2.2 -16.3683 28.2315 2.2 -15.7771 28.2328 2.2 -15.777 28.5512 2.2 -15.6139 28.555 2.2 -15.6109 30.4959 2.2 -20.4769 30.492 2.2 -20.4818 30.3352 2.2
-20.8727 33.5869 2.2 -20.8757 30.9262 2.2 -20.4674 30.9317 2.2 -20.4752 30.7693 2.2 -15.615 30.7755 2.2 -15.6098 33.5962 2.2
-20.871 36.3237 2.2 -20.8748 33.7697 2.2 -15.8137 33.7735 2.2 -15.8091 36.536 2.2 -20.5448 36.5316 2.2 -20.552 36.3352 2.2
-20.7688 9.09078 2.2 -20.7745 6.42421 2.2 -20.3465 6.44461 2.2 -20.3536 6.2721 2.2 -15.6171 6.2754 2.2 -15.6109 8.64091 2.2 -15.8755 8.63185 2.2 -15.8699 9.09196 2.2
-20.7687 11.9268 2.2 -20.7749 9.3692 2.2 -15.876 9.37416 2.2 -15.8676 9.9274 2.2 -15.6126 9.93727 2.2 -15.6119 12.1355 2.2 -20.4524 12.1321 2.2 -20.4615 11.9279 2.2
-20.7745 21.391 2.2 -20.7752 18.7337 2.2 -20.3691 18.7508 2.2 -20.3725 18.5724 2.2 -17.1147 18.574 2.2 -17.1133 20.7308 2.2 -17.3801 20.7295 2.2 -17.3731 21.3955 2.2
-20.3709 41.1892 2.2 -20.3746 36.9303 2.2 -15.6174 36.9313 2.2 -15.6117 41.1948 2.2 -15.7442 41.1947 2.2 -15.7449 41.0896 2.2 -15.9842 41.0795 2.2 -15.9824 41.1944 2.2
-17.5314 1.29233 2.2 -17.5315 -1.86735 2.2 -15.9674 -1.86439 2.2 -15.9773 -2.1679 2.2 -14.0744 -2.16726 2.2 -14.0697 1.29446 2.2
-17.4678 3.0452 2.2 -17.4786 1.93292 2.2 -15.0495 1.93328 2.2 -15.0666 1.55673 2.2 -14.3743 1.58584 2.2 -14.3668 1.93339 2.2 -14.0133 1.93344 2.2 -14.0067 3.59645 2.2 -15.2576 3.59532 2.2 -15.2698 3.29254 2.2 -17.1815 3.28579 2.2 -17.1863 3.04772 2.2
-16.9452 15.1669 2.2 -15.4338 15.1863 2.2 -15.4349 3.86521 2.2 -13.4009 3.87399 2.2 -13.3922 11.8439 2.2 -13.5754 11.8352 2.2 -13.5753 12.7388 2.2 -13.3913 12.7397 2.2 -13.3855 18.0559 2.2 -13.5749 18.0482 2.2 -13.5749 18.8351 2.2 -13.3847 18.8367 2.2 -13.3789 24.1203 2.2 -13.5745 24.1173 2.2 -13.5743 27.6245 2.2 -13.3751 27.6316 2.2 -13.3708 31.6561 2.2 -13.2098 31.6614 2.2 -13.2021 36.2746 2.2 -13.5736 36.2573 2.2 -13.5736 37.0295 2.2 -13.365 37.0399 2.2 -13.3614 40.3427 2.2 -13.5734 40.3323 2.2 -13.5733 41.0929 2.2 -15.4313 41.0926 2.2 -15.4326 27.6329 2.2 -16.931 27.6302 2.2 -16.9333 25.6365 2.2 -16.756 25.6449 2.2 -16.7595 24.1329 2.2 -16.935 24.1269 2.2 -16.9401 19.6307 2.2 -16.7699 19.6351 2.2 -16.7738 17.9322 2.2 -16.942 17.9292 2.2
-13.673 41.2714 2.2 -15.6348 41.2706 2.2 -15.6312 45.3225 2.2 -13.6686 45.3368 2.2
-13.8267 3.23233 2.2 -13.835 1.93258 2.2 -13.3661 1.94468 2.2 -13.3762 -1.97498 2.2 -12.6775 -1.97277 2.2 -12.6818 -2.16561 2.2 -11.3737 -2.16383 2.2 -11.3729 3.23303 2.2
-13.0687 11.9339 2.2 -13.0741 9.73142 2.2 -12.9646 9.73166 2.2 -12.978 9.43054 2.2 -9.71465 9.43896 2.2 -9.71242 11.9357 2.2
-13.2323 27.4908 2.2 -13.2409 12.7329 2.2 -6.01813 12.7338 2.2 -6.01673 13.1673 2.2 -5.81217 13.1751 2.2 -5.81166 27.4944 2.2
-13.2313 39.632 2.2 -13.2347 37.4315 2.2 -9.77362 37.4377 2.2 -9.77095 39.6361 2.2
-13.1232 5.52682 2.2 -13.1359 4.43075 2.2 -6.17689 4.43208 2.2 -6.1698 4.73254 2.2 -6.01578 4.73951 2.2 -6.00515 5.32747 2.2 -6.28144 5.32526 2.2 -6.26739 5.83499 2.2 -12.8767 5.8298 2.2 -12.8868 5.52889 2.2
-12.9335 33.5328 2.2 -12.9356 27.772 2.2 -5.9146 27.7722 2.2 -5.90912 29.8439 2.2 -6.07536 29.8406 2.2 -6.07201 31.5343 2.2 -5.90464 31.5395 2.2 -5.90077 33.003 2.2 -6.0691 32.9989 2.2 -6.06804 33.5332 2.2
-8.59648 -1.86545 2.2 -10.5755 -1.86782 2.2 -10.5736 -1.5679 2.2 -10.8751 -1.56814 2.2 -10.8708 0.290285 2.2 -8.04528 0.29355 2.2 -8.26934 0.262284 2.2 -8.27666 -0.368716 2.2 -6.98164 -0.36787 2.2 -6.96898 2.23324 2.2 -8.03404 2.23258 2.2 -8.02824 3.23362 2.2 -5.75968 3.23461 2.2 -5.77481 -1.56409 2.2 -8.58705 -1.56632 2.2
-10.8739 3.2294 2.2 -10.8754 0.571841 2.2 -8.3161 0.577975 2.2 -8.31084 3.23693 2.2
-9.4323 11.9299 2.2 -9.43372 9.47269 2.2 -5.91464 9.47313 2.2 -5.91305 11.5288 2.2 -6.17496 11.5267 2.2 -6.17361 11.9329 2.2
-9.36925 39.632 2.2 -9.37935 37.3319 2.2 -6.48034 37.3349 2.2 -6.47256 37.5315 2.2 -5.91763 37.5435 2.2 -5.91162 39.412 2.2 -6.11048 39.4102 2.2 -6.10772 39.6343 2.2
-5.83061 13.012 2.2 -5.83405 4.22731 2.2 -5.47536 4.24318 2.2 -5.47539 3.97349 2.2 -3.67947 3.97351 2.2 -3.59646 42.5951 2.2 -5.47094 42.5918 2.2 -5.47107 41.4629 2.2 -5.53554 39.6979 2.2 -5.60985 39.6969 2.2 -5.61665 37.4364 2.2 -5.47153 37.4392 2.2 -5.47167 36.2562 2.2 -5.82153 36.2517 2.2 -5.82341 31.4346 2.2 -5.63469 31.4433 2.2 -5.63563 31.1295 2.2 -5.47226 31.132 2.2 -5.47238 30.109 2.2 -5.63872 30.1015 2.2 -5.69015 13.0137 2.2
-5.86668 44.6344 2.2 -5.87548 43.3224 2.2 -5.38108 43.3454 2.2 -5.38423 42.7698 2.2 -3.8815 42.7781 2.2 -3.87334 43.0328 2.2 -3.27676 43.0365 2.2 -3.27154 45.5323 2.2 -5.86066 45.5318 2.2 -5.86348 45.1113 2.2 -5.37137 45.1202 2.2 -5.37399 44.6405 2.2
-4.97094 1.03421 2.2 -4.97633 -1.96707 2.2 -1.61601 -1.96637 2.2 -1.61178 1.29613 2.2 -4.66273 1.29185 2.2 -4.67093 1.04516 2.2
-3.77989 1.57047 2.2 -4.67619 1.56885 2.2 -4.66243 1.93116 2.2 -5.07462 1.93044 2.2 -5.07174 3.68807 2.2 -3.96009 3.69956 2.2 -3.97328 3.39268 2.2 -2.17582 3.39539 2.2 -2.17627 3.22696 2.2 -1.61223 3.23652 2.2 -1.61258 1.93646 2.2 -3.77854 1.9327 2.2
-3.53122 6.09141 2.2 -3.53717 3.57092 2.2 -0.96924 3.5749 2.2 -0.981002 3.27133 2.2 1.61578 3.27281 2.2 1.62982 4.85043 2.2 1.82623 4.85514 2.2 1.82667 5.8366 2.2 1.42211 5.82387 2.2 1.42867 6.0961 2.2
-3.53417 8.75525 2.2 -3.36118 8.76093 2.2 -3.36111 9.09273 2.2 1.7243 9.09619 2.2 1.72284 6.27334 2.2 -3.53479 6.27183 2.2
-3.5295 12.1933 2.2 -3.53654 9.93379 2.2 -3.26652 9.93465 2.2 -3.27558 9.37234 2.2 1.72596 9.37348 2.2 1.72887 12.0315 2.2 1.31113 12.0309 2.2 1.31143 12.1943 2.2
-3.52918 14.9314 2.2 -3.53759 12.4718 2.2 1.31298 12.473 2.2 1.32351 12.7359 2.2 1.62827 12.7374 2.2 1.62937 15.2947 2.2 -3.17332 15.293 2.2 -3.17742 14.9341 2.2
-3.5323 18.1291 2.2 -3.53282 16.0367 2.2 -3.26532 16.0399 2.2 -3.28039 15.4683 2.2 1.72736 15.4729 2.2 1.72899 18.3924 2.2 -3.20333 18.3909 2.2 -3.21018 18.1312 2.2
-3.5301 23.8354 2.2 -3.53739 19.1278 2.2 -3.25684 19.1369 2.2 -3.2852 18.5696 2.2 1.71969 18.5749 2.2 1.72916 24.1341 2.2 1.41368 24.126 2.2 1.4251 24.397 2.2 -3.27169 24.3915 2.2 -3.27495 23.8418 2.2
1.32174 24.6719 2.2 -3.54937 24.6707 2.2 -3.53247 26.9341 2.2 -3.27323 26.9379 2.2 -3.27181 27.4877 2.2 1.72906 27.497 2.2 1.723 24.9369 2.2 1.32903 24.9234 2.2
-3.53412 30.3263 2.2 -3.53422 28.2219 2.2 -3.26859 28.2327 2.2 -3.27397 27.6699 2.2 1.7268 27.6779 2.2 1.72802 30.2384 2.2 1.42942 30.2268 2.2 1.43607 30.496 2.2 -3.24698 30.4923 2.2 -3.24853 30.3303 2.2
-3.53385 33.1277 2.2 -3.53516 30.7725 2.2 1.72354 30.7741 2.2 1.73015 33.594 2.2 -3.16645 33.5933 2.2 -3.17268 33.1336 2.2
-3.42408 36.5933 2.2 -3.43859 33.7716 2.2 1.82777 33.7738 2.2 1.82882 36.4348 2.2 1.32606 36.4332 2.2 1.32874 36.5935 2.2
-3.42778 39.6921 2.2 -3.43202 36.8714 2.2 1.33653 36.878 2.2 1.33693 37.0377 2.2 1.72551 37.0382 2.2 1.72714 39.6929 2.2
-3.43192 42.5307 2.2 -3.43719 40.3266 2.2 -3.17116 40.3274 2.2 -3.17279 39.8727 2.2 1.82474 39.8756 2.2 1.82947 43.4315 2.2 1.42484 43.4266 2.2 1.42701 46.0329 2.2 -2.37415 46.0326 2.2 -2.37499 42.5349 2.2
1.21237 -1.86569 2.2 -1.43878 -1.86977 2.2 -1.43264 2.99156 2.2 1.7269 2.99733 2.2 1.7248 -1.56426 2.2 1.22018 -1.56713 2.2
