-21.439228970142143 6.040445132652428 2 -21.43800973281973 7.148450146748364 2
-21.617761034971796 6.041609829942318 2 -21.60819495686061 7.1495784066746975 2
-6.412421489291047 8.673275240212764 2 -6.408441972938592 9.758254660101386 2
-6.2481447611574366 8.67283545997396 2 -6.246142092102981 9.757828767028572 2
-3.9554956191636412 15.915196004359236 2 -2.8550029766679703 15.91601478355853 2
-3.9552585451646536 15.850308258620963 2 -2.8548019218138663 15.854068656989979 2
-27.111667596319588 1.137889033630384 2 -26.015731976829116 1.1420528366141065 2
-27.112489626292405 1.2768018445209883 2 -26.2544 1.28496 2
22.876824719906374 -15.053059731471983 2 22.87952542270417 -14.004097099134896 2
22.88491885286706 -15.053974464739118 2 22.917707980389658 -14.00637874200423 2
-11.769643912516791 15.823605523259367 2 -10.739269415334487 15.82712644220925 2
-11.770365094425552 16.00042273662046 2 -10.740058433964181 16.005606328175237 2
-21.61542754559605 4.504575171902952 2 -21.614365659150177 5.576523581788345 2
-21.440919227778718 4.504391485006868 2 -21.439739673209864 5.57633404505003 2
2.5320640250430753 1.197900302294124 2 3.5600982796826 1.1997359440092268 2
-14.418069621347808 -0.6709305079140031 2 -13.394074722753679 -0.6701926898466262 2
-14.417159669000743 -0.8789191188928908 2 -13.393267026707925 -0.8712120840319498 2
-8.568177713406875 15.998408400151089 2 -7.55129854008317 16.00325467416706 2
-8.567567442630565 15.834547420358556 2 -7.550649469192937 15.838022356678257 2
-32.163385021873225 -9.232994422380305 2 -32.163149325695585 -8.203995417133683 2
-32.08344445782792 -9.23302895019797 2 -32.08291321625216 -8.2040305047496 2
-19.297977403822586 1.1167815810601587 2 -18.164983710530898 1.117032805387945 2
-19.29802062623569 1.3582835066250283 2 -18.16502498865549 1.3584499837338249 2
13.826157696510215 15.911069589158814 2 14.843076716142107 15.914544529053492 2
13.825986803056075 16.00696548549593 2 14.842981470073472 16.007239229896726 2
0.1920458514126544 -15.30911036368862 2 1.2610779350149848 -15.3081229325911 2
0.18871736199329495 -15.153108731662288 2 1.2578002337216145 -15.120113464201136 2
1.8190558735402682 -15.307607546030978 2 2.8690710039903813 -15.306637680291141 2
1.8185527224793017 -15.144803176887912 2 2.8686086892265052 -15.140213094147182 2
4.313986019033915 14.078645808087337 2 5.315984424168586 14.079015084503805 2
4.31418548555531 13.843254098291222 2 5.316181109855582 13.844196375058969 2
-21.316064025048686 -0.6759007132409078 2 -20.306052399405818 -0.6751729705278502 2
-21.315831290032946 -0.8792432535277024 2 -20.30580886127662 -0.8777546460224555 2
-2.1298824893682777 15.856545797654675 2 -1.121886804865106 15.859990245393504 2
-2.130766096593878 15.995968623092635 2 -1.1228039702281736 16.003321685257315 2
-19.87866979398623 15.795895964289079 2 -18.86662150703123 15.799354260279012 2
-19.87932409427906 16.00494768544674 2 -18.867281928690087 16.007865722626395 2
12.112676170503015 15.905214407774093 2 13.13204937894539 15.908697733939892 2
12.11232001401802 16.004595747936097 2 13.131679087279537 16.00843152996154 2
4.254859795965108 16.00123611960936 2 5.25688309780155 16.003638890875877 2
4.2552200249891605 15.87836449415893 2 5.2572498006103 15.881788555638497 2
-16.981001586157138 -17.122098870484752 2 -15.922000659581602 -17.1220749847903 2
-16.980664361324312 -17.357346784452115 2 -15.92166937424831 -17.35560680893846 2
-8.147765970427146 -17.3653752555948 2 -7.11582882529078 -17.36315624889569 2
-8.148002799345452 -17.121899642793007 2 -7.116003824703327 -17.121876366125754 2
-21.459557366600574 -12.463040071316897 2 -21.458396161424382 -11.411003068933496 2
-21.60531022732594 -12.462781018362543 2 -21.60320762633692 -11.410715941675077 2
-13.31534043825925 -17.832104246109722 2 -12.295418961401758 -17.825921404955153 2
-13.4895 -18.0337 2 -13.4895 -18.0337 2
-4.188002333747281 -17.121810325249655 2 -3.095002490263745 -17.121785672711923 2
-4.187698191938606 -17.35685979806834 2 -3.09473415197908 -17.354509563329735 2
-32.07926112558026 -1.1300442140375004 2 -32.07873091272277 -0.10303836395158861 2
-32.25772358638761 -1.1292271899757347 2 -32.24917277218015 -0.1021996246765069 2
10.453000724616205 -17.28508666122103 2 11.47900333060209 -17.28501121707926 2
10.452996580659244 -17.12148009850685 2 11.47899739505339 -17.121456957127698 2
2.5300720144452384 15.872469446932618 2 3.5380272813197102 15.875913756559338 2
2.5297547110688416 16.003097027514443 2 3.5377281089834693 16.00535378236209 2
-8.486637404315529 -12.055987135911185 2 -8.48617364312053 -10.946984862192382 2
-8.325071110766286 -12.05617550282458 2 -8.32358760744782 -10.947170055409774 2
7.286132862343025 8.206810762965867 2 8.9506921851574 8.209256370684939 2
7.283037218903849 8.563294619786516 2 8.947809255313112 8.581843056277 2
-32.08014135940069 -2.835029806604897 2 -32.079625094936254 -1.8350415609937922 2
-32.25088214275644 -2.8345096140561257 2 -32.2465458061426 -1.8346249216905464 2
-13.498022602650305 16.00399788699905 2 -12.476020808486444 16.004246601681988 2
-13.497678946432089 15.817700610711928 2 -12.475668880520955 15.821192947350575 2
-32.08255595974789 -7.512035743265869 2 -32.08202058115538 -6.475024024776291 2
-32.249435043308836 -7.511807571200881 2 -32.24739374831273 -6.474766362644739 2
18.48624038282719 16.007946922810408 2 19.51071553366918 16.012425879245907 2
18.48657366041173 15.926994815303782 2 19.2197 15.9295 2
5.406688798717624 -17.829171904912677 2 6.428687326629275 -17.824070791988206 2
5.40087 -18.1089 2 5.40087 -18.1089 2
20.0639 -12.0355 2 20.067330909705852 -10.933013478573072 2
20.238554283885808 -12.105782023677065 2 20.24092993442816 -10.933535080933215 2
19.919536611491267 -17.839160440418617 2 20.92644668278145 -17.834010167889286 2
19.6816 -17.8294 2 19.6816 -17.8294 2
18.61058729538812 -17.832810868486025 2 19.626590245315906 -17.82957519030154 2
18.419 -18.0303 2 18.419 -18.0303 2
21.0216 14.0787 2 21.043676314325385 15.146972850205346 2
-6.488993020923429 -10.518851900348789 2 -6.48399228433241 -9.325724102000233 2
-6.32845 -10.4453 2 -6.325946496348161 -9.326206399719421 2
8.980899919972956 15.894512735345828 2 9.976917572760481 15.897916252647262 2
8.980321359982387 16.005678058692286 2 9.976339392515778 16.010490756222957 2
-2.054889890120387 13.833797558437526 2 -1.0208781984469741 13.835475540611133 2
-2.0550644191319085 14.076298558720415 2 -1.0210612550398936 14.076679630168329 2
-12.0015 -17.9035 2 -10.967989482455826 -17.869605898348212 2
-12.2424 -17.8256 2 -12.2424 -17.8256 2
-18.992870811122692 -15.330673606300017 2 -17.878847390191353 -15.329004823038577 2
-18.993150040022865 -15.121631810032609 2 -17.87913050248626 -15.120270720302084 2
14.523496190629128 -17.12138828866275 2 15.906999878569508 -17.121357083830404 2
14.523498601557662 -17.28478734890242 2 15.7114 -17.2847 2
-6.501698043466787 -13.54894178397239 2 -6.4976204245684706 -12.575883429663964 2
-6.333185071852458 -13.549297897811604 2 -6.331309681229267 -12.576267040883765 2
6.751951496116913 -17.84941415993899 2 7.7212 -17.8314 2
7.71898 -18.1072 2 7.740059494795272 -18.10715911861949 2
-21.232002495504975 -17.122194751523484 2 -20.205002305430437 -17.12217158760348 2
-21.23175880077147 -17.36433152028293 2 -20.204778582832553 -17.362644146448275 2
-18.17602470144708 16.002859446914652 2 -17.152023612498283 16.003108648146608 2
-18.175651684163398 15.80171539086773 2 -17.15164971627305 15.805214534085389 2
-27.063781416322016 -10.31039704656907 2 -26.024798064908513 -10.308213484152503 2
-27.064673721335254 -10.087108699153852 2 -26.02573833308398 -10.081252650433022 2
-10.416960035280566 13.852203490679493 2 -9.30795504267905 13.852961560078372 2
-10.41710934262775 14.04678658818824 2 -9.308103620312506 14.047677192329328 2
19.265751590137857 6.758991508944915 2 19.266552809509314 7.7649682137742175 2
19.210037407869137 6.759047529120945 2 19.211097362886836 7.765016422295478 2
17.105992868035486 6.1809204638255535 2 17.111022027181487 7.166913865245732 2
17.473108033805868 6.180404919417248 2 17.474641599723682 7.166408059143254 2
19.215811478698132 12.239030683089439 2 19.21687777936136 13.251022022407161 2
19.35525735161009 12.238871260157683 2 19.35643793725021 13.250861529323489 2
-8.29360706364924 6.57894270911433 2 -8.29222561025901 7.601920812736469 2
-24.4420038274547 -8.269359100007541 2 -23.40200094796256 -8.269203877479288 2
-24.445027491328013 -0.6781552223021863 2 -23.44002375325679 -0.677431087917583 2
-22.9997 -0.881725 2 -22.9997 -0.881725 2
-13.637058415703464 14.044200758448257 2 -12.61605454212907 14.04502069134813 2
3.9670196840501935 4.990564524722592 2 4.997905323573276 4.997587433141843 2
-21.4610738723742 -13.836974859841249 2 -21.459995531494965 -12.860011848136532 2
-21.6054 -12.5077 2 -21.6054 -12.5077 2
-12.179933421137065 -15.3204679717828 2 -11.16593960165291 -15.31894903072522 2
16.67005910188685 -15.2938901444282 2 17.722087120259175 -15.292918419447505 2
13.88398273377587 14.082172733953007 2 14.875956744479222 14.082538315979908 2
22.875371687709826 -15.617422636937025 2 22.871784672276608 -17.01063226893951 2
-21.46403964451697 -16.523926398468838 2 -21.463807855131886 -16.313928187242308 2
-21.3343 -17.3645 2 -21.3343 -17.3645 2
-17.321008148568552 -15.32816919178388 2 -16.32198528764599 -15.326672676902076 2
-17.7394 -15.1201 2 -17.7394 -15.1201 2
10.964016687707433 -15.299160635192647 2 11.998023685737376 -15.298205555658022 2
6.89816807466268 -14.890009245596207 2 6.899368405282131 -13.886013406413959 2
-19.599491827169274 -8.408495106103008 2 -19.5981 -7.59247 2
6.591092424989337 2.973397338176374 2 6.59710962465969 4.387837184296842 2
19.2113834804151 8.036561278841894 2 19.212468758100254 9.06656309353233 2
19.3506 8.24662 2 19.35155636245791 9.06640762769068 2
17.46654455146776 1.960427077093394 2 17.46809684901705 2.9584736818153488 2
17.108062070384634 1.9610528687795012 2 17.109832923455933 2.959105659763476 2
17.475024238713466 7.4124250323453795 2 17.47659036008381 8.419359635167455 2
17.11228284842531 7.414104576592558 2 17.1147 7.888 2
