-12.294989205041242 -7.396008824735641 2 -12.294123696853687 -1.7330079870759025 2
-2.232937216820098 -1.4873276938698097 2 3.5730870933143954 -1.4822436630051108 2
4.14301203451423 -1.4817446096362565 2 9.890019409347062 -1.4767122568053699 2
10.541143046090166 -1.4761421019990664 2 16.244102445968885 -1.4711483196687896 2
23.9542 8.53609 2 23.95695845189712 10.978807522650166 2
22.89617748074805 -7.536378158052786 2 22.91135207960302 -1.6425096536920685 2
17.0629 -23.322 2 19.2974 -23.3077 2
-2.6466643814789936 -23.2534403076615 2 -0.24399116733989334 -23.241737823404403 2
-18.039720007587732 -23.32481684438729 2 -15.766254367404617 -23.308630923916486 2
-8.93103 -6.70358 2 -8.925985407042722 -1.649961876414253 2
-18.0448 21.5554 2 -15.735500715402992 21.555860829275087 2
19.701209049744868 -7.361132921360558 2 19.713447610082532 -1.6781765513163016 2
17.142793642957372 21.56314771386246 2 19.326771104999562 21.57460279771324 2
23.7197191419653 5.351025200396008 2 23.7228 7.49816 2
-2.02446369577244 21.554246818575745 2 0.265515 21.568 2
-20.45714873175501 -23.34214306004042 2 -18.94396101716522 -23.331296800134886 2
-20.5373 -23.0652 2 -20.5373 -23.0652 2
13.965 21.5621 2 16.188596697549453 21.570653281907717 2
0.6559492497766546 -23.237354564581835 2 2.925674331156559 -23.226299618833707 2
-8.1058 20.8445 2 -6.53844 20.8522 2
-8.1877427665329 20.684293196664505 2 -8.11011 20.6847 2
7.87949 20.9152 2 9.48284 20.9203 2
9.48014 20.7177 2 9.563613458341557 20.718952332567966 2
20.24831740739802 -23.32126561318131 2 21.700266763780107 -23.31501177260316 2
21.7094 -22.9982 2 21.7094 -22.9982 2
13.442495345689501 -23.16166053546649 2 15.693511391280591 -23.160174879732956 2
-5.96199 -7.35355 2 -5.958650665591781 -1.6950574965291665 2
-37.814668193035516 -4.163818439518574 2 -37.80127391360085 -1.97594059548716 2
4.35543 21.5704 2 5.842618020538141 21.574595308330586 2
5.8727 21.3188 2 5.8727 21.3188 2
-37.879929987286964 -7.36095211243706 2 -37.87851567419914 -5.141936475089153 2
1.1707939464127253 21.55660726778647 2 3.4030171167594134 21.56929159149975 2
-20.464462836571723 21.476723867142475 2 -18.959678525163845 21.487724552160643 2
-18.9275 20.9928 2 -18.9275 20.9928 2
-4.516782576246881 21.486310457808138 2 -3.0327306989547513 21.496144414209706 2
-21.97658868195938 16.104093102219657 2 -21.973476465652265 17.65333938126933 2
-8.184423503811638 -22.59344848059676 2 -6.53354251436695 -22.58651102053316 2
-8.21461 -22.3733 2 -8.21461 -22.3733 2
-14.940030830012923 21.556019568254083 2 -12.595025514972676 21.55648752280056 2
-14.8456 -23.2313 2 -12.61888833635189 -23.225837017508223 2
-11.646486188282436 -23.319558303630586 2 -10.191780409167617 -23.313553934989123 2
-11.7268 -23.1075 2 -11.7268 -23.1075 2
-36.40675100761398 1.9525442360379908 2 -35.02399481797637 1.9584415877880477 2
-34.926 1.76285 2 -34.926 1.76285 2
11.015496817562598 -23.163229848762054 2 12.479493290935286 -23.16231800442785 2
12.5245 -22.7554 2 12.5245 -22.7554 2
7.37000211692536 -22.43402191849743 2 9.149996307399414 -22.43326998639062 2
-5.7959585222373216 -1.4904476446865333 2 -2.876921145406942 -1.4878915968082784 2
-11.688566338724097 21.563070856037655 2 -10.226588798513005 21.565658426905287 2
-10.2039 21.3204 2 -10.2039 21.3204 2
-4.451830615901459 -23.319336961803035 2 -3.0059695039558245 -23.308557032526128 2
-2.99516 -22.7498 2 -2.99516 -22.7498 2
23.30897211078989 16.22455849311586 2 23.31309659014401 17.663534346709937 2
23.0827 16.1931 2 23.0827 16.1931 2
-36.43361573942789 -11.111954672566737 2 -34.91322524364017 -11.08800671527585 2
3.8735649494251945 -23.242399198742465 2 5.307578329436856 -23.241240059889588 2
22.88722519903859 -11.013476413752707 2 22.894853824966543 -8.05049080088462 2
-21.971692665571233 18.541306464980735 2 -21.96861712799066 20.07229425072036 2
-21.7203 20.14 2 -21.7203 20.14 2
11.61404393621233 21.552131079483708 2 12.975927052565048 21.574060346765346 2
11.541 21.3197 2 11.541 21.3197 2
23.315951183582175 18.65946393604029 2 23.32004708090569 20.088467900250546 2
16.918119722479325 -1.4705581181032985 2 19.62507301507491 -1.4681877811302286 2
20.285824660719385 21.570106600664566 2 21.730831964948344 21.57266737310244 2
21.8569 21.3937 2 21.8569 21.3937 2
-37.89587842251264 -1.020103069713851 2 -37.88126100520525 0.4286852588983145 2
-37.4331 -1.06605 2 -37.4331 -1.06605 2
-37.802072105020606 -9.852939082276308 2 -37.79855419769292 -8.349057152404821 2
