21.379957898367035 -3.85100007 21.377739699981728 -2.39949989
21.38025025432336 -7.45650005 21.376746048773047 -6.01900005
13.04399967 -10.616530301727783 14.4829998 -10.544072829657447
21.34086914190586 -9.6864996 21.38614364834856 -8.25650024
21.375830012877778 -1.6085 21.36675075039121 -0.18099999
17.33499908 -8.925149142448886 18.93600082 -8.938742264012197
17.38349915 -0.9662271900845427 18.90200043 -0.935188695628872
16.16749954 -10.614691503488212 17.66900063 -10.51467449497578
19.00300026 -14.744984373463843 19.99399948 -14.70519289702055
0.8991521454707718 -0.39700001 0.768968216671709 0.64099997
20.19050026 0.7968055091635682 21.19949913 0.595383836259554
20.21199989 -10.653712115031013 21.24399948 -10.51974229972403
15.66250038 1.0718157139403917 17.49250031 0.6380127975592949
-0.40799999 0.8061291409409596 0.736 0.7876346894649446
19.601593727457697 5.24749994 19.606549970111192 6.21449995
2.741670253199861 -4.41800022 2.7571850249550653 -3.148
12.65100002 0.6970001230003373 13.64299965 0.6374799944160111
2.756418499628648 -6.76599979 2.727341388511643 -5.61800003
-0.35800001 -0.8477272764817029 0.66399997 -0.8167574460501114
4.08599997 0.6450734648772397 5.07800007 0.6351369191698443
10.52200031 0.6262137797511812 11.51399994 0.6239333433478993
6.62400007 -10.720968285925021 7.56400013 -10.735967189674746
