-15.407679304669037 13.06499958 -15.425411314862469 14.52799988
-15.427091571586919 6.96600008 -15.44196955311175 8.41399956
-15.389685980376388 21.40699959 -15.399491293882075 22.87299919
-15.411472046031617 19.15099907 -15.387309185146862 20.61899948
-15.37915318525757 25.28499985 -15.37327607339875 26.73900032
-15.357641470596212 31.36700058 -15.341567433049363 32.81399918
-6.04363443074439 30.72100067 -6.034742824394413 32.20600128
-4.071502604903177 9.20800018 -4.061854489134323 10.64799976
-6.00306772901253 34.24000168 -6.019380979115722 35.69200134
-5.1420002 1.2618129240343068 -3.6724999 1.2558795053900682
-15.71100044 1.3062065171814288 -14.26599979 1.3114738696885742
-15.368847222064062 4.171 -15.33079243719324 5.28499985
-4.044460742154361 13.06700039 -4.087611682317428 14.48600006
-13.50393225089305 8.94799995 -13.473832952298578 10.36900043
-4.080278484036541 39.72800064 -4.06177175729798 41.18999863
-6.0432300073970096 15.92199993 -6.028836825934864 17.41900063
-4.07463655282804 15.30799961 -4.061469459052498 16.73500061
-4.053684940784878 25.27499962 -4.04206480682394 26.7159996
-4.054841615078192 19.1609993 -4.016054122138177 20.60099983
-15.393600550325798 15.31499958 -15.417548857399778 16.75200081
-4.059076954806665 31.3920002 -4.034715186821699 32.79899979
-15.468841183599631 9.19799995 -15.422545596482099 10.64799976
-4.068678821928611 37.50299835 -4.066840074946489 38.94100189
-4.056401348470624 33.61299896 -4.041587967930679 35.04999924
-6.021328516870309 12.43200016 -6.041272660758472 13.8579998
-15.323028942755668 33.63899994 -15.370730562125964 35.07600021
-4.088075477905123 21.40999985 -4.033475711526748 22.85300064
-13.415924335070615 34.26800156 -13.375091316539091 35.68600082
-13.459860742547397 12.44999981 -13.462473001448565 13.89400005
-15.317211848756159 27.5189991 -15.384661537890254 28.97400093
-13.358792450944813 30.64500046 -13.420214704640626 32.18799973
-4.066970786700804 6.98000002 -4.073873241751065 8.37899971
-13.459666972824364 15.94499969 -13.43398979500292 17.46899986
-6.039568947906385 8.94400024 -6.018319506019397 10.35499954
-4.038274414405108 27.5359993 -4.057061156431829 28.95999908
-4.148463094639454 4.18499994 -4.168396095722641 5.17500019
-18.54299927 2.5166900854588823 -17.4489994 2.565119251255178
-14.166226051376025 1.78400004 -14.162736406677457 2.81999993
-13.40299988 4.742606355638943 -12.26599979 4.353705154300675
-13.64869239742578 38.13000107 -13.589073748024992 39.17100143
-16.06599998 39.880645374738585 -15.2130003 38.56059687100539
-1.9966976727814807 1.58200002 -1.9875107990824301 2.59599996
-5.772033256552993 38.17100143 -5.531625970839804 39.16699982
-6.3173999353687345 4.01599979 -6.2865335191807254 4.94199991
-5.95829291692717 6.10500002 -5.964129812260241 7.14099979
-13.545180319709202 6.03299999 -13.547169554296243 7.06500006
-5.65799999 39.923398793204484 -5.63800001 40.13539955718204
-13.730058927871772 41.34400177 -13.726417448725375 42.32500076
-15.15400028 42.545459483956826 -14.18999958 42.475052229478095
-15.34200001 42.6659158947117 -15.20499992 41.10183008777594
