-8.20933 -8.1056 2.2 -8.2115 -13.1515 2.2 -7.5058 -13.1505 2.2 -7.51865 -25.4873 2.2 -5.43831 -25.4853 2.2 -5.44155 -26.4705 2.2 -3.70939 -26.4649 2.2 -3.69964 -23.6753 2.2 -5.71203 -23.6854 2.2 -5.68733 -23.3149 2.2 -5.5114 -23.3064 2.2 -5.50318 -22.3972 2.2 -5.70282 -22.3985 2.2 -5.68224 -19.5225 2.2 -5.50578 -19.4716 2.2 -5.50556 -18.5532 2.2 -5.69456 -18.5571 2.2 -5.67668 -15.518 2.2 -5.51055 -15.5161 2.2 -5.50483 -14.5099 2.2 -5.6869 -14.5115 2.2 -5.67064 -11.6157 2.2 -2.357 -11.5523 2.2 -2.35059 -11.0866 2.2 -2.08991 -11.076 2.2 -2.08911 -10.5435 2.2 -2.37019 -10.5451 2.2 -2.35981 -10.0618 2.2 -5.67676 -10.0777 2.2 -5.66102 -6.6638 2.2 -5.67436 -6.66402 2.2 -5.66117 -3.65839 2.2 -5.51114 -3.65633 2.2 -5.49906 -2.71543 2.2 -5.68984 -2.71695 2.2 -5.61892 0.630771 2.2 -5.51146 0.633527 2.2 -5.51079 1.35738 2.2 -5.69215 1.35083 2.2 -5.66468 4.38566 2.2 -5.51364 4.39115 2.2 -5.50874 5.28073 2.2 -5.59935 5.27716 2.2 -5.59687 5.56033 2.2 -2.6286 5.57044 2.2 -2.62732 8.37755 2.2 -4.60178 8.32939 2.2 -4.60211 8.3078 2.2 -5.4171 8.29106 2.2 -5.4162 9.61072 2.2 -5.6631 9.59949 2.2 -5.6444 14.5936 2.2 -5.62044 15.5634 2.2 -7.48757 15.5566 2.2 -7.49185 9.16928 2.2 -8.20037 9.14862 2.2 -8.20632 4.10652 2.2 -7.48469 4.11052 2.2 -7.52159 -8.09637 2.2
-5.65383 15.7454 2.2 -7.46245 15.7331 2.2 -7.45194 17.4048 2.2 -7.47913 17.4043 2.2 -7.46949 21.3227 2.2 -5.25928 21.3369 2.2 -5.23237 22.1174 2.2 -4.41867 22.1293 2.2 -4.42763 21.8513 2.2 -3.58735 21.8744 2.2 -3.65924 19.502 2.2 -4.06567 19.4995 2.2 -4.08142 19.1516 2.2 -5.33619 19.1062 2.2 -5.33002 19.2851 2.2 -5.61974 19.2722 2.2 -5.66109 17.438 2.2 -5.59333 17.4392 2.2
-5.63523 -11.652 2.2 -5.64851 -15.6806 2.2 -2.80413 -15.6703 2.2 -2.79896 -11.7429 2.2 -4.61461 -11.7464 2.2 -4.61005 -11.611 2.2
19.0864 -4.88225 2.2 19.1147 -4.06101 2.2 18.7001 -4.06369 2.2 18.7161 -3.71294 2.2 17.213 -3.71689 2.2 17.1811 -5.69121 2.2 17.7129 -5.66599 2.2 17.7085 -6.77637 2.2 19.112 -6.77057 2.2 19.1139 -4.88123 2.2
-5.63137 5.22377 2.2 -5.6341 2.85244 2.2 -2.79824 2.87776 2.2 -2.78645 5.53071 2.2 -5.22614 5.52662 2.2 -5.23202 5.23803 2.2
-5.64893 -19.7906 2.2 -5.66024 -23.6378 2.2 -2.79539 -23.6269 2.2 -2.79311 -19.7685 2.2
-5.64448 -15.7604 2.2 -5.6536 -19.7082 2.2 -2.80437 -19.6811 2.2 -2.79049 -15.7481 2.2
-5.60542 -2.35491 2.2 -5.63724 -5.91789 2.2 -2.75675 -5.9148 2.2 -2.72863 -2.35283 2.2
-5.2874 0.501804 2.2 -5.29035 -2.27487 2.2 -2.75025 -2.27263 2.2 -2.72429 0.513472 2.2
-5.6354 2.79127 2.2 -5.64884 0.550254 2.2 -2.7627 0.622407 2.2 -2.7222 2.80693 2.2
-5.25641 12.2812 2.2 -5.29571 8.34992 2.2 -2.71813 8.37122 2.2 -2.71402 12.2833 2.2
-5.61127 15.5388 2.2 -5.62983 12.3587 2.2 -2.7509 12.361 2.2 -2.7362 15.8339 2.2 -4.95786 15.821 2.2 -4.96855 15.5613 2.2
-5.60341 19.1036 2.2 -5.62439 16.232 2.2 -2.76374 16.2889 2.2 -2.72224 19.1763 2.2 -4.09098 19.11 2.2
-5.32402 24.7134 2.2 -5.32468 22.4919 2.2 -5.22683 22.4487 2.2 -5.23476 22.1869 2.2 -4.52071 22.2079 2.2 -4.50991 22.4999 2.2 -4.06547 22.5042 2.2 -4.06553 22.4731 2.2 -3.61998 22.4825 2.2 -3.61548 24.7273 2.2
-5.26269 -5.99709 2.2 -5.27724 -9.89548 2.2 -2.7321 -9.888 2.2 -2.72349 -5.99493 2.2
-3.66353 -23.7207 2.2 -3.68215 -25.3038 2.2 -1.8542 -25.2888 2.2 -1.85226 -23.6888 2.2
7.77007 19.2071 2.2 -3.56094 19.1918 2.2 -3.54322 21.0879 2.2 7.77513 21.0972 2.2
1.57014 -9.60989 2.2 -1.6415 -6.2236 2.2 -1.63568 2.08936 2.2 1.01429 4.93396 2.2 10.3694 5.25173 2.2 10.332 5.01021 2.2 15.5437 5.40806 2.2 15.579 5.02788 2.2 17.7626 5.02033 2.2 17.7576 2.68538 2.2 15.2378 2.68366 2.2 15.2405 -5.4217 2.2 15.3913 -5.41559 2.2 15.4233 -6.98431 2.2 17.7642 -6.98272 2.2 17.7667 -9.37389 2.2 14.4154 -9.36832 2.2 14.3858 -9.6121 2.2 12.5012 -9.43679 2.2 12.4331 -9.62455 2.2 3.58929 -9.22983 2.2 3.51363 -9.61598 2.2
-1.5857 -13.1862 2.2 -1.68597 -21.8693 2.2 -1.60666 -22.6624 2.2 -1.59079 -25.0122 2.2 -1.69764 -25.255 2.2 -1.58365 -26.0705 2.2 -1.58461 -25.9285 2.2 8.35714 -26.0183 2.2 8.33701 -26.1086 2.2 9.68543 -26.1076 2.2 10.3675 -25.4823 2.2 10.6792 -20.6522 2.2 10.5477 -13.0861 2.2 7.06593 -9.81912 2.2 6.06947 -9.82961 2.2 6.15572 -9.69013 2.2 1.80841 -9.6948 2.2
-1.6415 13.305 2.2 -1.66794 8.28472 2.2 -0.108524 8.33391 2.2 -0.103301 9.56474 2.2 0.590915 9.57254 2.2 0.598624 13.3078 2.2
-1.54821 -9.18805 2.2 -1.63598 -8.73254 2.2 -1.60887 -7.5533 2.2 -0.524321 -7.50241 2.2 -0.0424127 -7.96504 2.2 -0.0552203 -8.42476 2.2 -0.0627926 -11.6127 2.2 -0.369547 -11.9501 2.2 -1.54487 -11.9378 2.2
-1.62368 19.1133 2.2 -1.63247 16.6319 2.2 1.08548 16.6435 2.2 1.11181 19.1277 2.2
0.0260209 -11.2261 2.2 -0.0177888 -7.99299 2.2 1.63304 -9.7312 2.2
0.272024 9.31484 2.2 0.256816 8.30354 2.2 3.54012 8.31308 2.2 3.5574 9.44626 2.2 3.76655 9.45462 2.2 3.77679 12.312 2.2 3.98792 12.3194 2.2 4.02156 13.3134 2.2 1.03172 13.2979 2.2 0.981599 9.34322 2.2
1.16885 19.1168 2.2 1.16106 16.6468 2.2 4.20217 16.6585 2.2 4.20853 18.0826 2.2 3.86297 18.077 2.2 3.87862 18.5221 2.2 4.21053 18.5308 2.2 4.21317 19.1217 2.2
3.80882 10.7485 2.2 3.80484 8.29508 2.2 4.80169 8.33294 2.2 4.83286 10.7645 2.2
4.29245 19.1137 2.2 4.2862 16.6835 2.2 8.47721 16.7311 2.2 8.53395 19.1335 2.2
7.8569 21.15 2.2 7.84527 19.2013 2.2 8.68205 19.2212 2.2 8.55871 16.6938 2.2 8.66959 16.6986 2.2 8.64251 10.7328 2.2 10.47 10.7353 2.2 10.4718 16.7764 2.2 10.6019 16.782 2.2 10.6351 17.6364 2.2 10.4721 17.6315 2.2 10.4731 21.1638 2.2
7.90745 10.7383 2.2 7.90349 9.08339 2.2 8.08407 9.08759 2.2 8.08015 8.30357 2.2 8.58063 8.31921 2.2 8.58466 10.7392 2.2
11.1924 17.7176 2.2 10.5009 17.7103 2.2 10.5522 20.0103 2.2 11.1946 20.0272 2.2
10.6624 -12.7938 2.2 10.6344 -14.6745 2.2 10.612 -15.3622 2.2 13.9221 -15.3574 2.2 13.9319 -14.9607 2.2 15.1912 -14.9443 2.2 15.1815 -15.2461 2.2 16.4527 -15.2032 2.2 16.457 -13.8651 2.2 15.6248 -13.8771 2.2 15.6362 -13.6438 2.2 11.5668 -13.6477 2.2 11.6199 -11.4379 2.2 11.5699 -11.438 2.2 11.5723 -10.8644 2.2 15.5962 -10.8629 2.2 15.6034 -9.8652 2.2 10.6065 -9.86829 2.2 10.6061 -11.4395 2.2 11.3261 -11.4384 2.2 11.3234 -12.7907 2.2
10.7301 17.0284 2.2 10.7221 13.7975 2.2 11.4653 13.8034 2.2 11.467 17.0406 2.2
10.9815 13.3022 2.2 10.9088 8.07833 2.2 11.1245 8.08738 2.2 11.1166 7.88284 2.2 14.1661 7.89781 2.2 14.1685 13.5323 2.2 11.1487 13.508 2.2 11.1478 13.3039 2.2
11.3187 -23.1343 2.2 11.1846 -23.1366 2.2 11.1863 -16.5628 2.2 11.2146 -16.5614 2.2 11.2601 -15.6305 2.2 15.8708 -15.6178 2.2 15.8694 -15.7898 2.2 16.4105 -15.7745 2.2 16.3618 -17.1019 2.2 15.8581 -17.1229 2.2 15.8542 -17.5838 2.2 16.3195 -17.5761 2.2 16.3121 -18.4567 2.2 16.2915 -19.0179 2.2 15.8419 -19.0365 2.2 15.8381 -19.4758 2.2 16.3037 -19.4555 2.2 16.2916 -20.898 2.2 15.8671 -20.9157 2.2 15.8517 -21.3564 2.2 16.2879 -21.3429 2.2 16.2757 -22.7888 2.2 15.9233 -22.8039 2.2 15.9077 -23.3052 2.2 16.4592 -23.296 2.2 16.4567 -23.7432 2.2 16.415 -24.6113 2.2 15.8667 -24.62 2.2 15.8231 -26.0196 2.2 11.4173 -26.0283 2.2 11.4269 -25.8321 2.2 11.2955 -25.8387 2.2
16.2707 17.3087 2.2 11.4528 17.2992 2.2 11.4584 20.7786 2.2 11.0515 20.7765 2.2 11.0528 20.9494 2.2 11.4586 20.9559 2.2 11.4591 21.2261 2.2 15.7215 21.2283 2.2 15.7158 20.6997 2.2 16.2825 20.712 2.2
11.6728 -10.9464 2.2 11.6584 -13.4708 2.2 15.597 -13.4667 2.2 15.6043 -10.9399 2.2
11.6352 17.0021 2.2 11.6313 13.7816 2.2 14.4394 13.7836 2.2 14.4244 11.5768 2.2 15.7794 11.5802 2.2 15.7825 11.6516 2.2 16.3099 11.6676 2.2 16.3313 13.1399 2.2 15.8469 13.133 2.2 15.8643 13.5331 2.2 16.3372 13.5462 2.2 16.3584 14.9995 2.2 15.928 14.9968 2.2 15.9461 15.4142 2.2 16.3646 15.4274 2.2 16.386 16.891 2.2 16.0102 16.8873 2.2 16.0165 17.0328 2.2
14.4326 11.473 2.2 14.4138 7.86599 2.2 15.8145 7.86836 2.2 15.8329 9.95008 2.2 16.8965 9.95805 2.2 16.9139 11.2602 2.2 15.8229 11.2573 2.2 15.8344 11.5105 2.2
15.5 -3.89379 2.2 15.4039 -6.72746 2.2 16.9935 -6.72345 2.2 17.0034 -3.74565 2.2 15.5002 -3.77863 2.2
15.8647 -10.1072 2.2 16.1502 -10.1051 2.2 16.1529 -9.91932 2.2 17.6343 -9.89989 2.2 17.6321 -10.0941 2.2 18.572 -10.0871 2.2 18.5669 -11.532 2.2 17.6151 -11.5686 2.2 17.6124 -11.8016 2.2 16.8166 -11.803 2.2 16.816 -12.1532 2.2 15.8592 -12.1707 2.2
-2.40234 8.10056 2.2 -2.40643 5.8851 2.2 -1.64717 5.89026 2.2 -1.65627 5.60587 2.2 17.8424 5.61233 2.2 17.8379 2.69045 2.2 19.1271 2.70466 2.2 19.1219 -1.76023 2.2 18.6433 -1.77459 2.2 18.6076 -2.98922 2.2 19.0244 -2.97107 2.2 19.0072 -4.56006 2.2 19.1187 -4.55728 2.2 19.116 -6.85909 2.2 17.8504 -6.86256 2.2 17.84 -9.39205 2.2 18.6596 -9.37103 2.2 18.617 -11.6275 2.2 22.581 -11.6162 2.2 22.6198 3.60624 2.2 21.293 3.57988 2.2 21.294 6.37714 2.2 22.627 6.43155 2.2 22.6302 7.68896 2.2 10.4964 7.68395 2.2 10.4984 10.6799 2.2 8.70773 10.6638 2.2 8.6565 8.2315 2.2 6.88109 8.22974 2.2 6.88863 8.53125 2.2 5.82731 8.52893 2.2 5.81814 8.22869 2.2 -1.64718 8.22131 2.2 -1.65162 8.10358 2.2
