-6.80600023 31.40020593244148 -5.68249989 31.434497070699816
-10.63399982 -1.9472316247138117 -8.50699997 -1.923616927587171
-3.915955572270009 18.98749924 -3.7274562645204603 24.04899979
-5.4616243203771795 37.4394989 -5.5287961793389115 39.37149811
-6.075284265639146 9.69799995 -6.047908916788716 11.63300037
-3.95849991 27.250310994963396 -2.91799998 26.84255640900941
-16.770014823842796 21.8939991 -16.684163256327828 23.32699966
-3.9100306448346163 7.39900017 -3.926468472987308 8.89249992
-16.21699905 14.638922730635262 -15.14299965 14.829673210164412
-3.7845382732171604 40.21149826 -3.8525620101050233 41.70449829
-3.9501987855631784 9.66450024 -3.9178441512557365 11.14999962
-16.717095486912147 25.74200058 -16.695779301286976 27.17099953
-3.8535046590892073 28.00650024 -3.871671354700246 29.46150017
-15.270083738438426 31.83300018 -15.258537637905334 33.2820015
-15.25612021369649 28.00900078 -15.252150129760228 29.42399979
-3.854745840483693 37.96549988 -3.8105590600152035 39.42750168
-3.8937945507149214 13.54249954 -3.9304182070697102 14.99349976
-15.28245904048256 34.08499908 -15.269586043943619 35.51399994
-5.00400019 1.7151327284828493 -3.55200005 1.7425280167642305
-15.242697088520401 9.6619997 -15.25262048406414 11.10099983
-3.8188881116966247 34.09949875 -3.859491738053849 35.53549957
-3.8647718090611525 31.86100006 -3.8148814201753387 33.29949951
-16.700777224459827 19.63500023 -16.725466264129736 21.08399963
-3.914319446913124 15.77649975 -3.9205644155247983 17.21699905
-16.20199966 8.62777115063705 -15.14099979 8.772114590210554
-15.50599957 1.6980874555895171 -14.0880003 1.7394286072636336
-16.677807445600756 15.77000046 -16.71821496377115 17.21199989
-15.178472043632322 38.51100159 -15.350623423086253 39.63100052
-5.723558853384004 34.09249878 -5.715504573412548 36.00149918
-3.261387028527155 43.14099884 -3.265839085624645 45.08000183
-4.96700001 42.99116653695108 -3.84299994 43.007337802853
-15.808375097805008 41.87799835 -15.736041942818108 43.61399841
-13.63700008 38.360295408519065 -12.60000038 39.70691427252579
-13.828653221438312 41.17599869 -13.661562694441216 42.2840004
-13.342086432416673 9.42399979 -13.339393926199966 10.40999985
-1.5438432302727723 2.04299998 -1.5975091485139208 3.046
-13.963728799121062 2.24300003 -13.980791670336151 3.26300001
-3.975353623415346 4.65450001 -4.117487616801366 5.82000017
-15.273004637879223 4.62300014 -15.057357630016616 5.63700008
-17.543291188659495 2.06900001 -17.590554129143868 3.03699994
-6.017148005268197 4.46899986 -6.121019065074237 5.39499998
-10.04899979 0.3765392629870229 -9.10900021 0.3666963183557601
-13.036254273919239 4.48400021 -13.052498855890754 5.46099997
-5.826406145249508 6.60249996 -5.831779486877314 7.64449978
-13.366364054396367 6.48799992 -13.357429509972686 7.52199984
-13.63799953 43.03303227814553 -13.62199974 42.44073444407218
-5.37650013 40.09648560415825 -5.34950018 40.58250914082363
-15.730272388260296 44.19900131 -15.73994909509233 45.23500061
-8.81700039 36.5123278331194 -8.33199978 36.559976819706314
