18.6566 -11.6314 2 22.240924337719886 -11.62534105608315 2
-7.5109011775071775 -4.560400341479604 2 -7.495541710120785 0.5206654808589195 2
-7.5148077245266975 -21.798476337818304 2 -7.509509080920799 -16.711448599511165 2
18.70808910058383 7.676921153118827 2 21.3218 7.68753 2
8.7530703197665 10.732951246135089 2 10.422577627770707 10.735235126358791 2
8.754118020207384 10.666640716979515 2 10.42354310989825 10.682518477396622 2
17.76630275656421 -8.993939365457681 2 17.76439161714306 -7.165995665589084 2
17.845996879876772 -8.994761231515373 2 17.856068705733446 -7.166527202700731 2
10.472689992834525 19.715531689389103 2 10.47308010497834 21.093524814986583 2
10.545644279445382 19.716378805543442 2 10.5522 20.0103 2
10.7221 13.7975 2 11.4653 13.8034 2
11.1487 13.508 2 11.604357311377491 13.511666624500453 2
17.758464140332173 3.0889248937212206 2 17.762027688176886 4.753066101723855 2
17.838207239727303 3.0885904172109786 2 17.844144077462605 4.752817329866187 2
1.2615313817958533 19.198311671258033 2 2.6735934927561713 19.200218345976147 2
1.261668364722902 19.116949396248472 2 2.6737418012971457 19.119222205887148 2
4.2902277010318075 18.249599047599723 2 4.29245 19.1137 2
4.21053 18.5308 2 4.21317 19.1217 2
7.770627709357372 19.415425386634265 2 7.774984862840442 21.04298582109059 2
7.8465446616009284 19.41487979894491 2 7.856258337214526 21.042484241611824 2
1.1024041215685831 18.24026805167772 2 1.11181 19.1277 2
1.1660876507640265 18.240933169081618 2 1.16885 19.1168 2
-4.06567 19.4995 2 -3.65924 19.502 2
-4.09098 19.11 2 -3.3940169094388413 19.143759993062382 2
-3.70807194811281 -26.087788456973858 2 -3.69964 -23.6753 2
-3.68215 -25.3038 2 -3.66353 -23.7207 2
2.507932254322762 8.31008086525836 2 3.528862344803308 8.31304728964769 2
2.5081343825737443 8.2357208492894 2 3.5290717823011395 8.238408811277521 2
19.112 -6.77057 2 19.1139 -4.88123 2
19.0864 -4.88225 2 19.096293246290713 -4.595157081845065 2
3.767253696761155 8.239035905487702 2 5.625812766158278 8.243929188986328 2
3.80484 8.29508 2 4.80169 8.33294 2
-1.54821 -9.18805 2 -1.63598 -8.73254 2
-1.547882772794172 -9.457449104558616 2 -1.54821 -9.18805 2
22.566776641072966 -8.110920069755176 2 22.569972518589818 -6.166895899976876 2
21.31419834143739 4.138332893613854 2 21.31798173035845 5.904788582246711 2
-4.42763 21.8513 2 -3.663041798929522 21.872319169139725 2
-5.23237 22.1174 2 -4.41867 22.1293 2
8.33701 -26.1086 2 9.68543 -26.1076 2
8.148884925368833 -26.016418912092753 2 8.35714 -26.0183 2
-5.379369564123808 -26.47029897328139 2 -3.7521322731308584 -26.465038183960797 2
-5.59687 5.56033 2 -4.569839386089644 5.563828091314683 2
-5.63137 5.22377 2 -5.23202 5.23803 2
16.415 -24.6113 2 16.4567 -23.7432 2
16.4567 -23.7432 2 16.459143179383645 -23.306164071853747 2
8.654290883414237 13.328161679197358 2 8.662400819047546 15.114803259743455 2
-1.2014560070821225 -6.687573724569964 2 -0.2057618701248336 -7.7374140239301346 2
-1.60887 -7.5533 2 -0.524321 -7.50241 2
-1.4479035176401345 -11.938814774434794 2 -0.369547 -11.9501 2
14.754203643758085 7.660872643160618 2 15.793018913335771 7.665089112600767 2
14.753736688230985 7.86656517666246 2 15.79266413845487 7.868323053479074 2
-1.2220654823636388 8.298784603365961 2 -0.20037230273924744 8.331012749996317 2
-1.2218135735744227 8.225900503471458 2 -0.20067795274263922 8.22858898734348 2
-5.628488636164682 12.588531418787563 2 -5.622687239677309 13.582551945161057 2
-5.651907514476116 12.588607854528538 2 -5.648186162921705 13.582449512892076 2
16.9935 -6.72345 2 16.995799737101265 -6.031716955540434 2
17.7085 -6.77637 2 17.71143936541514 -6.034594415986083 2
-5.622865805076893 16.440621455729023 2 -5.615019200876254 17.514611380541005 2
-5.628903776938821 16.44325184497563 2 -5.59333 17.4392 2
14.424721918171953 9.961493620500644 2 14.430569127942842 11.083352350058988 2
14.166979266787635 9.962068300942269 2 14.167457176448966 11.084058804140394 2
-5.292854526146803 8.635560388030424 2 -5.28149152327538 9.77223076788706 2
-5.416862526267162 8.639265095862443 2 -5.4162 9.61072 2
-5.51055 -15.5161 2 -5.505042303828097 -14.547246173397133 2
-5.64805720722364 -15.543241492556755 2 -5.644772118458386 -14.546682110049154 2
19.12486625320895 0.6170628335843626 2 19.129034206495902 1.799041290817469 2
-5.50578 -19.4716 2 -5.505563068972055 -18.56601156334185 2
-5.653242160026989 -19.553300806419593 2 -5.650960831671254 -18.565775797343896 2
-5.665317548394597 -7.595909305229828 2 -5.66102 -6.6638 2
-5.268662879358357 -7.597407055795406 2 -5.264489160480858 -6.479140118692277 2
-5.643544618432589 -0.5316141134202419 2 -5.626368354206068 0.2791774891272705 2
-5.288499725606822 -0.5333076947783305 2 -5.287637589370772 0.2781740920343341 2
-5.6169340856501035 -3.644176401307557 2 -5.607073129474967 -2.5400158220213434 2
-5.511002414645952 -3.645613604335725 2 -5.49906 -2.71543 2
18.606246004767748 -2.978171683477168 2 18.621868951319314 -1.783372238153051 2
19.112162193751576 -2.981317042063622 2 19.1122 -2.97058 2
-5.659413840944881 -23.356774437059745 2 -5.656600550211395 -22.399807849096284 2
-5.5114 -23.3064 2 -5.503212516786089 -22.40079662553671 2
-5.648476489265672 0.6108666020684592 2 -5.643675670336863 1.4113660092532425 2
-5.51146 0.633527 2 -5.51079 1.35738 2
8.755114689654798 -11.404099075989635 2 9.455757413368968 -12.061519228819867 2
-0.9250206023000174 2.8522145691828102 2 -0.2099222202442257 3.61983414887462 2
5.82753 8.53577 2 6.865099388519035 8.536988538878756 2
5.81603 8.24443 2 5.81603 8.24443 2
22.584026763735423 2.382177744736987 2 22.584872325329204 2.8965254212939353 2
16.3618 -17.1019 2 16.41013881923794 -15.784344586110022 2
15.8694 -15.7898 2 15.869501405658676 -15.777341590505612 2
-0.06080497843434297 -10.775910874632451 2 -0.058779163377310206 -9.923042280821189 2
0.019913967830152146 -10.775414798602666 2 0.008347905239888372 -9.921851486797113 2
