21.497245912671634 -3.851018929770529 2 21.497479312077743 -2.399519143984482 2
21.93791396373624 -3.8279761835054518 2 21.8918 -2.71046 2
21.49666615266784 -7.456518769535339 2 21.496897300828778 -6.019019370175688 2
21.935882631685825 -7.457784893174079 2 21.93920666723669 -6.020300682784849 2
13.044020523707037 -10.641256694749002 2 14.483080739192442 -10.640043022374071 2
13.1386 -10.8241 2 14.483117503784023 -10.823533713958662 2
21.496307570434332 -9.68652459431089 2 21.496537513762718 -8.256517991199743 2
21.777963104057683 -9.68704698924595 2 21.7788 -9.01878 2
21.497606503848573 -1.6085195815121356 2 21.497836043879133 -0.18102106835629783 2
21.932168035964967 -1.6109574380352947 2 21.93847324193202 -0.1835253838038413 2
17.33532081947558 -8.954347117281051 2 18.935978415946476 -8.936709087978198 2
17.33529743741954 -9.025004822168407 2 18.93624427032127 -9.020221375025173 2
17.383008337199463 -0.9411961078684559 2 18.901534382921067 -0.9114206465139404 2
17.38342332711586 -0.8364126570497248 2 18.901942218220807 -0.8355257110410486 2
16.16739640574549 -10.542265473256325 2 17.66903687442977 -10.540127145782229 2
16.2371 -10.9238 2 17.669332198162508 -10.92263596212763 2
19.00243297741096 -14.621708273938935 2 19.993594318106382 -14.61714722298363 2
19.003520263224516 -14.541722082116594 2 19.99441120000424 -14.54425706526006 2
0.8777321194484989 -0.39692739160001356 2 0.8812496213169049 0.6406193123880499 2
0.8097430442281176 -0.39623679025055847 2 0.8185935556180969 0.6405763549738985 2
20.190376945666788 0.8751782041444555 2 21.1315 0.876659 2
20.19043689878662 1.057589703235178 2 21.1383 1.05782 2
20.3877 -10.7416 2 20.8318 -10.7351 2
20.8359 -10.5904 2 21.245848488318106 -10.577210018107191 2
15.66257430109416 0.7780256496779474 2 17.49246496524395 0.7784860720561725 2
15.662663146001838 0.9551693612120684 2 17.49205419405457 0.9577220571148878 2
-0.4079494566824402 0.7758743949459761 2 0.7360164513561999 0.7777851164082553 2
-0.40833014658547434 1.0601935086405214 2 0.566269 1.06146 2
19.590165196243323 5.2477051741164455 2 19.60752662863685 6.214482411118947 2
19.58378115381185 5.247555955335811 2 19.586822105038088 6.214561988367328 2
2.74064 -4.39966 2 2.7434797526403893 -3.147968906399157 2
2.840452677650507 -4.418831969821298 2 2.84062 -4.39896 2
12.650979823668116 0.7772678964860701 2 13.642964414890717 0.7775174916742424 2
13.1281 0.957425 2 13.642728512584052 0.9578605290973414 2
2.7352682846761884 -6.7659518037658986 2 2.7378727374490057 -5.6180239238363825 2
2.83068 -5.57948 2 2.83068 -5.57948 2
-0.357941040858081 -0.983070579813547 2 0.6640722386980382 -0.9826252881393993 2
0.876141 -0.866255 2 0.876141 -0.866255 2
4.085989085377669 0.8193860761113522 2 5.077988561040861 0.8194480196481285 2
5.40359 0.576426 2 5.40359 0.576426 2
10.521962437762552 0.7767322102468288 2 11.51396143117543 0.7769818090587645 2
6.71425 -10.7163 2 7.24026 -10.707 2
7.24166 -10.6461 2 7.563926009644238 -10.64583498405901 2
