-1.45892 0.774119 2.2 -1.46517 -0.983553 2.2 0.804738 -0.982564 2.2 0.819766 0.777925 2.2
-0.853043 3.01697 2.2 -0.865051 1.0596 2.2 0.566269 1.06146 2.2 0.568553 1.27736 2.2 1.64002 1.31171 2.2 1.64109 3.03131 2.2 3.13528 3.03989 2.2 3.14199 8.01185 2.2 0.289263 7.98455 2.2 0.23945 3.02325 2.2
-0.4571 6.00712 2.2 -0.463916 4.05792 2.2 0.178203 4.05988 2.2 0.190282 6.01666 2.2
0.881855 0.819186 2.2 0.876141 -0.866255 2.2 2.46975 -0.857335 2.2 2.4756 -0.734471 2.2 3.44202 -0.713688 2.2 3.44071 -1.14987 2.2 9.20233 -1.13976 2.2 9.21877 -0.782374 2.2 10.162 -0.7395 2.2 10.1613 -0.840631 2.2 19.0932 -0.835414 2.2 19.1018 0.778891 2.2 8.21599 0.776152 2.2 8.20672 0.577433 2.2 5.40359 0.576426 2.2 5.41398 0.819469 2.2
2.73795 -5.58397 2.2 2.73455 -7.08254 2.2 3.46003 -7.08175 2.2 3.47038 -2.96846 2.2 2.74388 -2.97155 2.2 2.74064 -4.39966 2.2 2.84062 -4.39896 2.2 2.83068 -5.57948 2.2
3.58094 -1.52602 2.2 3.56809 -8.37584 2.2 9.79403 -8.3442 2.2 9.80022 -1.52015 2.2
3.96804 7.97596 2.2 3.96482 3.04896 2.2 9.36959 3.05064 2.2 9.43353 7.97925 2.2
7.24026 -10.707 2.2 6.71425 -10.7163 2.2 6.71685 -10.6465 2.2 4.53659 -10.6483 2.2 4.53676 -8.72378 2.2 8.74672 -8.72098 2.2 8.73886 -9.05069 2.2 19.1007 -9.01973 2.2 19.0926 -10.5381 2.2 15.7218 -10.5429 2.2 15.7198 -10.639 2.2 10.8584 -10.6431 2.2 8.70002 -10.6812 2.2 8.70089 -10.6449 2.2 7.24166 -10.6461 2.2
5.47771 2.94195 2.2 5.46988 0.757531 2.2 7.89182 0.758676 2.2 7.90035 2.97729 2.2
5.4385 9.31315 2.2 5.43544 8.06184 2.2 7.93022 8.06559 2.2 7.9495 9.32158 2.2
9.88428 -6.39331 2.2 9.87339 -7.98527 2.2 10.8326 -7.9794 2.2 10.8338 -6.38049 2.2
9.9048 -1.98153 2.2 9.88473 -3.58454 2.2 10.834 -3.57749 2.2 10.8381 -1.98148 2.2
10.0809 -3.9999 2.2 10.076 -5.87417 2.2 10.9324 -5.86783 2.2 10.945 -3.98137 2.2
10.2575 8.00542 2.2 10.2555 2.99444 2.2 11.8268 2.99595 2.2 11.8183 2.8218 2.2 11.7321 2.81838 2.2 11.6994 0.956216 2.2 11.7403 1.22592 2.2 13.131 1.24447 2.2 13.1281 0.957425 2.2 14.1951 0.958328 2.2 14.1966 2.9163 2.2 13.4324 2.88594 2.2 13.4407 3.4149 2.2 13.1532 3.41444 2.2 13.2004 8.02072 2.2
12.7382 -11.0904 2.2 12.7336 -16.1954 2.2 15.6994 -16.1878 2.2 15.7503 -10.823 2.2 13.1386 -10.8241 2.2 13.1371 -11.0826 2.2
13.2742 6.01489 2.2 13.2356 4.04799 2.2 14.3312 4.07137 2.2 14.3381 6.01885 2.2
14.4194 6.01363 2.2 14.3667 0.953361 2.2 19.5703 0.960622 2.2 19.5873 6.36653 2.2 18.1321 6.29589 2.2 18.1186 6.01588 2.2
15.797 -11.0822 2.2 15.763 -16.1768 2.2 18.694 -16.1646 2.2 18.6979 -10.9218 2.2 16.2371 -10.9238 2.2 16.2298 -11.0731 2.2
16.3401 -4.91954 2.2 16.2878 -8.96589 2.2 19.396 -8.93164 2.2 19.3979 -4.90651 2.2
16.359 -0.961275 2.2 16.3237 -4.84556 2.2 19.3967 -4.84315 2.2 19.3983 -0.90168 2.2
18.9825 -14.6218 2.2 18.976 -16.2866 2.2 20.487 -16.2823 2.2 20.5031 -15.5837 2.2 20.9325 -15.5768 2.2 20.9369 -14.791 2.2 20.5213 -14.7921 2.2 20.5254 -14.6147 2.2
22.7474 -14.5513 2.2 18.9558 -14.5416 2.2 18.9675 -10.8221 2.2 20.3496 -10.8217 2.2 20.4205 -11.1778 2.2 21.1455 -11.1719 2.2 21.183 -11.4724 2.2 25.4384 -11.5279 2.2 25.4321 -11.823 2.2 23.5748 -13.9803 2.2 22.8237 -13.9835 2.2
19.1816 -8.91203 2.2 19.1775 -10.3717 2.2 19.5744 -10.3689 2.2 19.5742 -10.6311 2.2 20.3925 -10.6047 2.2 20.3877 -10.7416 2.2 20.8318 -10.7351 2.2 20.8359 -10.5904 2.2 21.2617 -10.5767 2.2 21.2647 -10.3939 2.2 21.4962 -10.3555 2.2 21.4979 0.216719 2.2 21.3342 0.213356 2.2 21.3434 0.724611 2.2 21.1274 0.718122 2.2 21.1315 0.876659 2.2 19.8712 0.874676 2.2 19.8634 0.622175 2.2 19.1928 0.618246 2.2 19.1903 -0.678151 2.2 19.5806 -0.675983 2.2 19.5753 -8.91062 2.2
19.6102 6.36335 2.2 19.5836 4.88212 2.2 20.8216 4.91428 2.2 20.8382 6.00497 2.2 20.4736 5.99393 2.2 20.4816 6.36666 2.2
21.1383 1.05782 2.2 19.6566 1.05746 2.2 19.6288 4.6938 2.2 22.7158 4.67646 2.2 22.7612 4.11734 2.2 23.6151 4.11873 2.2 25.5523 1.75646 2.2 22.9531 1.75796 2.2 22.9616 1.65257 2.2 21.1051 1.6641 2.2
26.4325 -1.994 2.2 21.9302 -2.0565 2.2 21.9463 1.58837 2.2 22.2401 1.57616 2.2 25.6791 1.57733 2.2 26.8111 -0.703371 2.2 26.4371 -0.918311 2.2
21.8918 -2.71046 2.2 21.9214 -2.71447 2.2 21.9027 -2.12328 2.2 27.2059 -2.07719 2.2 27.3784 -3.5722 2.2 27.5326 -3.58505 2.2 27.5389 -4.79371 2.2 21.9791 -4.82607 2.2
21.7758 -11.4143 2.2 21.7788 -9.01878 2.2 21.9675 -7.82379 2.2 26.4247 -7.84116 2.2 26.4291 -8.88849 2.2 26.6371 -9.43749 2.2 25.6874 -11.3462 2.2 25.2657 -11.3437 2.2 25.3474 -11.4255 2.2
21.9352 -7.75299 2.2 21.9418 -4.89881 2.2 27.6587 -4.87925 2.2 27.2398 -7.73754 2.2
