1.8586557746556964 19.05999947 1.8940491528852628 21.21899986
-16.07099915 -2.0829999500098713 -14.04500008 -2.08100009
1.810735754329997 21.82699966 1.8451938753885289 23.97400093
-20.96517817975647 25.15600014 -20.938094244414955 27.28100014
-21.022046591430616 15.64999962 -21.02093639217487 17.69499969
1.8128664389464921 12.95600033 1.8158107260869656 15.11699963
1.8025151315983368 27.93600082 1.8048549561994462 30.01600075
-21.063117081167615 33.98300171 -21.052213077049586 36.11999893
-20.917231405208238 3.50999999 -20.903352336511265 5.57000017
-21.05346484632456 31.26099968 -21.001394333600174 33.36100006
1.8065371356560196 6.80999994 1.8094893753031116 8.92099953
-20.979259298397533 9.60700035 -20.977550347657044 11.66399956
1.7918446638840713 3.45499992 1.8268530204358895 5.54799986
-20.94628316932265 6.88500023 -20.943815676441396 8.94400024
1.8670458536464798 40.14899826 1.8788077522175124 42.23099899
-20.978655063297364 21.77899933 -20.96656625509764 23.84600067
-20.94291948705771 19.0909996 -20.936994429961867 21.11899948
1.8138784464854734 25.20800018 1.829460643647022 27.25900078
-5.10699987 -2.071386564296396 -3.03800011 -2.0631432910585685
1.7668825564385722 9.62699986 1.769074088929459 11.69900036
1.7558236721801774 0.74800003 1.7729934653327777 2.84100008
-21.006336367361413 12.9829998 -20.98321412590138 15.03299999
-21.02375366972519 27.92499924 -20.96623899210491 30.0170002
1.8288777244808487 37.36700058 1.8369922548922732 39.4280014
1.8139952960756984 15.71199989 1.8156316717923495 17.79500008
-20.981014045708363 0.75599998 -20.97983150346824 2.82500005
1.8711453279824781 34.02199936 1.8815156679811054 36.10200119
-13.34700012 -2.1063692358661386 -11.32600021 -2.0475047067959022
1.8113054765966723 31.26399994 1.8145615432387432 33.3219986
