-21.1829 21.457 2 -21.18132098957344 23.469054036048096 2
1.5129606346147069 15.215529469132731 2 1.5237673480977787 17.345508570803904 2
-21.1869 33.64 2 -21.1771 35.4462 2
-21.181473630141483 9.135037793037766 2 -21.1805 11.0735 2
1.5169596600274835 0.25601881260925863 2 1.5173126346481214 2.3990203903402194 2
-21.184386743669698 6.386993021898947 2 -21.180010802107738 8.551047599188795 2
-21.187992018807083 12.510407036617783 2 -21.177561505885972 14.629291232878128 2
1.5145022746838668 30.81050071159366 2 1.5190604250773272 32.942399808554875 2
1.6150494016779948 27.413037409423154 2 1.6204528933195081 29.56005635435079 2
-21.183088683564495 30.81612011274798 2 -21.1795 32.726 2
1.615526671664446 18.578001851876135 2 1.6170711755226976 20.701030354236984 2
-21.182665417217844 18.642002136422864 2 -21.181732936574914 20.73101308948876 2
-21.1838 3.24753 2 -21.179205541814724 5.149054879839647 2
1.5146161359434362 12.500262375962071 2 1.5202671572877675 14.560228703617815 2
-20.984477661967585 15.223852575125752 2 -20.981562128062546 17.37883706621601 2
1.5178185094739112 9.137013924745856 2 1.5183666307655883 11.211020566099291 2
1.5148340563892155 6.375134640726391 2 1.517924993233835 8.46817888884376 2
-5.18211 -2.55277 2 -3.2868 -2.55264 2
1.6179550033319274 21.37701455914991 2 1.6190936408658088 23.44400507810243 2
1.5154856474663578 24.688149689845417 2 1.5171695832362209 26.81813965668524 2
1.5162103382565835 39.64308661527981 2 1.5180975264006515 41.74608385517767 2
1.515034895185726 36.925123493195564 2 1.5171501885536083 38.98410629280191 2
-20.985628643722997 27.44998128022901 2 -20.984898429564247 29.562977650928005 2
1.5127297056236724 33.5982354748872 2 1.515924571878596 35.63919121185612 2
1.5127516047454246 3.031205421908518 2 1.5177945783262425 5.055214246457796 2
-21.18332183655726 24.758054427936052 2 -21.18218110186299 26.797036212890845 2
-13.531980895656792 -2.5580484583385292 2 -11.50096370192297 -2.555898696421588 2
-20.985537997725263 0.3438046739279055 2 -20.983756230154697 1.3168170797768817 2
-16.27187830140829 -2.358515784166073 2 -14.39595114724653 -2.3529780795300703 2
-10.856072449878122 -1.957486323885761 2 -9.375088652101688 -1.9554641491718827 2
-8.48588 -1.95425 2 -8.48588 -1.95425 2
-20.98253312896072 1.9847451838728036 2 -20.981760344348377 2.406758148572928 2
-20.9843 2.78434 2 -20.9843 2.78434 2
-9.074056621488317 -1.9550531120212482 2 -8.700075307944495 -1.9545424679771697 2
