-37.8783 -4.80355 2.2 -37.88 -7.4708 2.2 -37.3968 -7.46817 2.2 -37.397 -7.59878 2.2 -33.3912 -7.55165 2.2 -33.3965 -7.75836 2.2 -32.2499 -7.74802 2.2 -32.2441 -4.80144 2.2
-37.878 0.751896 2.2 -37.8965 -1.08171 2.2 -37.4331 -1.06605 2.2 -37.4361 -1.36436 2.2 -32.2595 -1.34259 2.2 -32.2332 1.81627 2.2 -34.926 1.76285 2.2 -34.9212 1.95888 2.2 -37.4019 1.9483 2.2 -37.4067 1.48481 2.2 -37.7178 1.48172 2.2 -37.731 0.755606 2.2
-37.7982 -8.19764 2.2 -37.8042 -10.7626 2.2 -37.401 -10.7531 2.2 -37.4015 -11.1272 2.2 -32.1638 -11.0447 2.2 -32.1631 -7.98865 2.2 -37.3969 -8.00256 2.2 -37.3972 -8.19103 2.2
-37.8171 -4.56104 2.2 -37.799 -1.60451 2.2 -32.2455 -1.59348 2.2 -32.2583 -4.54494 2.2
-32.0613 -10.3209 2.2 -32.1182 -11.7911 2.2 -27.4051 -11.7856 2.2 -27.4221 -12.3611 2.2 -26.2225 -12.3447 2.2 -26.2118 -11.7842 2.2 -25.9897 -11.7839 2.2 -25.9708 -10.3081 2.2
-21.4569 -10.0555 2.2 -32.0839 -10.1154 2.2 -32.0781 1.11902 2.2 -21.4446 1.15942 2.2 -21.4285 15.7906 2.2 19.2197 15.9295 2.2 19.2043 1.31386 2.2 22.919 1.32797 2.2 22.8715 -17.1212 2.2 -21.4647 -17.1222 2.2
-27.6397 7.64322 2.2 -27.6428 1.27176 2.2 -26.2544 1.28496 2.2 -26.2502 2.13114 2.2 -26.0103 2.13128 2.2 -26.0056 5.99704 2.2 -21.6181 6.00235 2.2 -21.6053 7.48488 2.2 -26.0038 7.48472 2.2 -26.0036 7.65262 2.2
-25.7583 5.84338 2.2 -25.7639 1.28219 2.2 -21.6186 1.30206 2.2 -21.6141 5.8447 2.2
-25.8032 -10.3214 2.2 -25.813 -12.5262 2.2 -21.6054 -12.5077 2.2 -21.601 -10.3061 2.2
-22.9997 -0.881725 2.2 -23.0111 -7.35655 2.2 -16.0069 -7.3407 2.2 -15.9996 -0.871408 2.2
-21.9685 20.1306 2.2 -21.9768 15.9989 2.2 -18.6473 16.0085 2.2 -18.6386 20.9958 2.2 -18.9275 20.9928 2.2 -18.922 21.488 2.2 -21.3979 21.4699 2.2 -21.4054 20.9672 2.2 -21.7183 20.964 2.2 -21.7203 20.14 2.2
-20.5373 -23.0652 2.2 -21.3226 -23.082 2.2 -21.3124 -22.8155 2.2 -21.7383 -22.823 2.2 -21.7252 -17.7128 2.2 -21.3462 -17.6974 2.2 -21.3343 -17.3645 2.2 -15.7958 -17.3554 2.2 -15.7996 -18.1169 2.2 -15.4377 -18.1105 2.2 -15.4529 -23.3064 2.2 -18.0514 -23.3249 2.2 -18.0488 -22.7587 2.2 -18.8385 -22.7724 2.2 -18.8607 -23.3307 2.2 -20.5488 -23.3428 2.2
-17.7394 -15.1201 2.2 -19.4582 -15.1222 2.2 -19.4313 -13.3254 2.2 -17.7334 -13.3215 2.2
-19.44 7.39545 2.2 -19.458 1.35826 2.2 -15.1704 1.35889 2.2 -15.1609 7.40358 2.2
-18.4103 21.0019 2.2 -18.4203 16.0028 2.2 -12.2566 16.0043 2.2 -12.2549 20.9172 2.2 -12.5364 20.9099 2.2 -12.5325 21.5565 2.2 -18.0448 21.5554 2.2 -18.0553 21.0179 2.2
-17.9362 -7.75566 2.2 -17.9455 -12.2703 2.2 -15.0269 -12.2688 2.2 -15.028 -12.927 2.2 -12.6014 -12.9229 2.2 -12.5911 -12.2631 2.2 -8.48672 -12.2535 2.2 -8.48498 -8.0926 2.2 -9.24128 -8.09522 2.2 -9.23829 -7.74438 2.2
-15.6884 -1.63441 2.2 -15.6935 -7.52067 2.2 -12.5857 -7.51541 2.2 -12.5841 -7.46924 2.2 -12.295 -7.46664 2.2 -12.2941 -1.57796 2.2 -12.5399 -1.58205 2.2 -12.526 -0.864684 2.2 -14.9993 -0.883301 2.2 -15.0024 -1.623 2.2
-15.1994 -18.0351 2.2 -15.2173 -23.0663 2.2 -14.8391 -23.0592 2.2 -14.8456 -23.2313 2.2 -12.6038 -23.2258 2.2 -12.6026 -22.7499 2.2 -12.252 -22.7495 2.2 -12.2424 -17.8256 2.2 -13.4796 -17.8331 2.2 -13.4895 -18.0337 2.2
-12.0133 20.972 2.2 -12.0134 15.9992 2.2 -9.05183 16.0141 2.2 -9.04365 21.0011 2.2 -9.41817 20.9975 2.2 -9.40695 21.3282 2.2 -10.2039 21.3204 2.2 -10.2031 21.5657 2.2 -11.7286 21.563 2.2 -11.7353 20.9748 2.2
-12.0015 -17.9035 2.2 -12.0179 -22.6889 2.2 -11.7267 -22.6781 2.2 -11.7268 -23.1075 2.2 -12.0193 -23.1123 2.2 -12.02 -23.3211 2.2 -9.25807 -23.3097 2.2 -9.24348 -22.5861 2.2 -8.8461 -22.5714 2.2 -8.84562 -18.0568 2.2 -10.6111 -18.1138 2.2 -10.608 -17.8578 2.2
-11.885 13.8512 2.2 -11.8878 8.75424 2.2 -8.85359 8.75497 2.2 -8.83759 13.4052 2.2 -9.25494 13.4038 2.2 -9.25172 13.853 2.2
-8.79712 20.6811 2.2 -8.80075 15.9973 2.2 -5.92612 16.011 2.2 -5.91593 20.6961 2.2 -6.54198 20.6929 2.2 -6.53844 20.8522 2.2 -8.1058 20.8445 2.2 -8.11011 20.6847 2.2
-6.53092 -22.5865 2.2 -8.22048 -22.5936 2.2 -8.21461 -22.3733 2.2 -8.44881 -22.3748 2.2 -8.4383 -17.366 2.2 -2.81126 -17.3539 2.2 -2.81276 -22.7457 2.2 -2.99516 -22.7498 2.2 -2.99832 -23.3085 2.2 -5.3321 -23.3259 2.2 -5.33038 -22.3559 2.2 -6.52639 -22.3631 2.2
-6.33082 -12.3222 2.2 -6.336 -15.0098 2.2 -1.56563 -15.0026 2.2 -1.56392 -14.7526 2.2 -0.247062 -14.746 2.2 -0.220801 -11.8047 2.2 -4.19819 -11.806 2.2 -4.21971 -12.314 2.2
-4.44905 -10.4259 2.2 -6.32845 -10.4453 2.2 -6.32207 -7.59337 2.2 -2.76059 -7.5918 2.2 -2.76961 -7.96365 2.2 -0.253253 -7.96236 2.2 -0.285334 -10.9941 2.2 -4.29058 -11.0011 2.2 -4.2865 -9.47977 2.2 -4.43882 -9.48578 2.2
-6.23862 13.8331 2.2 -6.24856 8.44787 2.2 -2.81464 8.45315 2.2 -2.79936 13.8432 2.2
-5.68164 20.853 2.2 -5.69741 15.9139 2.2 -2.60606 15.9162 2.2 -2.60495 20.9355 2.2 -3.02022 20.9244 2.2 -2.99416 21.4964 2.2 -5.33328 21.4809 2.2 -5.3431 20.8621 2.2
-2.63832 -17.3659 2.2 -2.65892 -23.2535 2.2 2.98719 -23.226 2.2 3.00248 -22.7648 2.2 3.5163 -22.7502 2.2 3.52054 -18.1031 2.2 2.82507 -18.1166 2.2 2.83167 -17.3481 2.2
-2.56349 13.4908 2.2 -2.56409 8.43968 2.2 2.31501 8.44276 2.2 2.3218 13.8409 2.2 -2.17663 13.8336 2.2 -2.17802 13.4945 2.2
-2.36527 21.5522 2.2 -2.37321 15.9942 2.2 0.628855 16.0161 2.2 0.639397 21.32 2.2 0.260076 21.3107 2.2 0.265515 21.568 2.2
-0.194098 -7.72315 2.2 -0.203053 -15.1652 2.2 1.36192 -15.1169 2.2 1.36525 -12.2497 2.2 9.71817 -12.2271 2.2 9.73386 -7.71901 2.2
0.799951 21.5545 2.2 0.789158 15.9992 2.2 3.73703 16.0058 2.2 3.76164 21.0042 2.2 3.4607 21.0031 2.2 3.47489 21.5697 2.2
1.59057 -12.31 2.2 1.54476 -15.146 2.2 6.89789 -15.1226 2.2 6.90131 -12.262 2.2 2.3935 -12.3213 2.2 2.39399 -12.3004 2.2
2.54575 8.33768 2.2 3.2212 8.34208 2.2 3.23586 8.84228 2.2 6.78473 8.85781 2.2 6.77911 8.55768 2.2 9.78403 8.59116 2.2 9.78622 13.8484 2.2 3.72497 13.8427 2.2 3.72522 13.8633 2.2 2.54827 13.8396 2.2
3.76067 -18.1188 2.2 3.74886 -23.2425 2.2 6.09942 -23.2406 2.2 6.10387 -22.7557 2.2 6.47251 -22.7546 2.2 6.48294 -17.8238 2.2 5.40106 -17.8292 2.2 5.40087 -18.1089 2.2
3.99312 20.9126 2.2 3.98958 16.0006 2.2 6.95048 16.0077 2.2 6.95766 21.011 2.2 6.58669 20.9987 2.2 6.59397 21.3366 2.2 5.8727 21.3188 2.2 5.87973 21.5747 2.2 4.35543 21.5704 2.2 4.35107 20.9245 2.2
6.71505 -17.8501 2.2 6.71172 -22.4343 2.2 9.31567 -22.4332 2.2 9.31742 -18.1041 2.2 7.71898 -18.1072 2.2 7.7212 -17.8314 2.2
6.82959 8.20614 2.2 6.82767 5.16073 2.2 9.90361 5.17547 2.2 9.90704 7.79954 2.2 9.7851 7.79459 2.2 9.79034 8.21049 2.2
7.11124 20.6821 2.2 7.10156 15.9966 2.2 10.2266 16.0117 2.2 10.24 20.7291 2.2 9.48014 20.7177 2.2 9.48284 20.9203 2.2 7.87949 20.9152 2.2 7.87488 20.6936 2.2
12.5084 -23.1623 2.2 10.1001 -23.1638 2.2 10.1025 -22.7679 2.2 9.70768 -22.77 2.2 9.71901 -18.0376 2.2 10.2705 -18.031 2.2 10.2716 -17.2851 2.2 15.7114 -17.2847 2.2 15.7068 -18.1276 2.2 16.1214 -18.1201 2.2 16.11 -23.1599 2.2 13.3827 -23.1617 2.2 13.3898 -22.7509 2.2 12.5245 -22.7554 2.2
10.1617 7.95517 2.2 10.1426 1.358 2.2 17.107 1.36247 2.2 17.1114 3.84231 2.2 17.0932 3.64725 2.2 13.7077 3.6376 2.2 13.7105 6.04317 2.2 17.1053 6.04508 2.2 17.1147 7.888 2.2 16.3428 7.87408 2.2 16.3519 8.76535 2.2 10.762 8.75951 2.2 10.7613 7.96858 2.2
13.8491 -12.261 2.2 10.1844 -12.2635 2.2 10.1915 -7.63196 2.2 20.0776 -7.63315 2.2 20.0639 -12.0355 2.2 19.8914 -12.0376 2.2 19.8782 -12.3522 2.2 16.2615 -12.3623 2.2 16.2502 -13.0659 2.2 13.8162 -13.0933 2.2
10.4793 20.9729 2.2 10.4658 15.9984 2.2 13.3359 16.0092 2.2 13.3523 21.0254 2.2 13.1463 21.0217 2.2 13.1647 21.5771 2.2 11.5438 21.551 2.2 11.541 21.3197 2.2 10.8398 21.3192 2.2 10.8298 20.9793 2.2
13.5905 21.3063 2.2 13.5827 16.0069 2.2 16.5548 16.0077 2.2 16.5647 21.5721 2.2 13.965 21.5621 2.2 13.9628 21.3074 2.2
16.5972 -18.0307 2.2 16.5882 -23.0728 2.2 17.0656 -23.0626 2.2 17.0629 -23.322 2.2 19.2974 -23.3077 2.2 19.3243 -22.7574 2.2 19.6794 -22.7469 2.2 19.6816 -17.8294 2.2 18.4256 -17.8334 2.2 18.419 -18.0303 2.2
16.7909 21.3171 2.2 16.7829 16.0005 2.2 19.7564 16.0135 2.2 19.7572 21.0155 2.2 19.3966 20.9985 2.2 19.4025 21.575 2.2 17.0765 21.5628 2.2 17.0751 21.3206 2.2
19.2668 8.07533 2.2 19.2619 1.9231 2.2 22.7392 1.93032 2.2 22.7585 2.68819 2.2 23.7159 2.68936 2.2 23.7228 7.49816 2.2 23.7955 7.49849 2.2 23.8001 7.79724 2.2 22.7579 7.79222 2.2 22.7652 8.08012 2.2
19.3567 13.4755 2.2 19.3506 8.24662 2.2 22.7443 8.24937 2.2 22.756 8.51541 2.2 23.9542 8.53609 2.2 23.957 11.0156 2.2 23.6359 11.0103 2.2 23.6406 13.4939 2.2 22.7444 13.4651 2.2 22.7504 13.8555 2.2 20.1895 13.8494 2.2 20.1725 13.4856 2.2
19.8336 -17.8396 2.2 19.8247 -22.6858 2.2 20.1975 -22.6715 2.2 20.1939 -23.3215 2.2 21.703 -23.315 2.2 21.7094 -22.9982 2.2 22.6729 -22.9897 2.2 22.6756 -22.5767 2.2 22.9868 -22.5648 2.2 23.0008 -17.8234 2.2
19.9045 21.1664 2.2 19.9038 16.0121 2.2 21.0616 16.0143 2.2 21.0216 14.0787 2.2 23.0589 14.0817 2.2 23.0827 16.1931 2.2 23.3089 16.1994 2.2 23.3239 21.4327 2.2 21.8569 21.3937 2.2 21.8621 21.5729 2.2 20.2821 21.5701 2.2 20.2652 21.172 2.2
22.8814 -15.1664 2.2 22.9784 -12.0673 2.2 28.4608 -9.7875 2.2 27.4273 -15.1496 2.2
-21.5 -8.26892 2.2 -30.2101 -8.27022 2.2 -30.2016 -0.682303 2.2 -11.965 -0.669163 2.2 -11.9786 -1.39359 2.2 -8.92572 -1.38408 2.2 -8.93103 -6.70358 2.2 -8.58433 -6.70109 2.2 -8.58546 -7.57782 2.2 -8.31908 -7.57747 2.2 -8.32943 -15.3147 2.2 -19.6113 -15.3316 2.2 -19.5981 -7.59247 2.2 -21.4968 -7.59499 2.2
-8.30098 1.11922 2.2 -19.6208 1.11671 2.2 -19.6151 14.0394 2.2 -8.28352 14.0485 2.2
3.70238 1.19999 2.2 0.902176 1.19499 2.2 0.902846 5.41488 2.2 0.0226228 5.40351 2.2 0.0294522 5.55717 2.2 0.902871 5.56972 2.2 0.903226 7.80843 2.2 -6.41562 7.80123 2.2 -6.39261 14.0747 2.2 17.4854 14.0835 2.2 17.4654 1.22454 2.2 6.58357 1.20513 2.2 6.59975 5.0085 2.2 3.71975 4.98888 2.2
-5.96199 -7.35355 2.2 -5.95853 -1.49059 2.2 19.7139 -1.46811 2.2 19.7011 -7.41177 2.2 20.2481 -7.39552 2.2 20.2321 -15.2906 2.2 -6.5091 -15.3153 2.2 -6.49585 -12.1534 2.2 -5.57218 -12.1466 2.2 -5.56641 -10.8278 2.2 -6.49036 -10.845 2.2 -6.47576 -7.36158 2.2
