18.41600037 -11.521149702607898 22.24099922 -11.66963959767094
-7.477886826271084 -4.56050014 -7.4407989826969825 0.5205
-7.492032953231012 -21.79850006 -7.459998201022362 -16.71150017
-7.461977400916938 12.69649982 -7.443220318283065 17.7765007
18.70800018 7.698828595251495 22.29999924 7.671069103620377
8.75300026 10.78416465520781 10.42249966 10.79222925487482
17.707896475901272 -8.99400043 17.760351103282662 -7.16599989
10.585050297962274 19.71549988 10.560239560091654 21.09350014
10.46150017 13.899617538753223 11.60200024 13.804583667535303
17.723394929104977 3.08899999 17.79299927 4.75299978
1.2615 19.22155268057997 2.67350006 19.26941360705588
4.32863559268741 18.24950027 4.3830184900200875 19.38699913
7.742517751535539 19.41550064 7.7699611901776 21.04299927
0.9860912620088057 18.24150085 0.9763479220654293 19.36199951
-4.51849985 19.465122694760808 -3.41300011 19.53566144006208
-3.790711909371476 -26.08749962 -3.571492982397128 -23.65600014
2.5079999 8.286799804183046 3.52900004 8.265657856725252
19.082134085886505 -6.77299976 19.17879357023271 -4.59800005
3.76699996 8.335409794067232 5.62599993 8.172840919607706
-1.5901626006227245 -9.45750046 -1.5970211337612894 -8.5625
22.61543400308574 -8.11100006 22.633186154160008 -6.16699982
21.25799942 4.138453260276947 21.27400017 5.904882781806464
-5.2874999 21.894891330392092 -3.66350007 21.88898912650342
8.14900017 -26.003660189242805 9.78600025 -26.0090171424643
-5.37949991 -26.42998113169126 -3.75250006 -26.351276451237144
-5.68349981 5.184527843849974 -4.56899977 5.317318966645245
16.401829496893118 -24.61300087 16.429751074984896 -23.30599976
8.58150005 13.328492091844254 8.68150043 15.11471656265931
-1.71150005 -7.171311930688392 -0.17749999 -7.710609767742945
-1.44350004 -11.518041721553889 0.112 -11.99501978395418
14.75399971 7.711115981784837 15.79300022 7.669694606110235
-1.222 8.296708688635809 -0.20100001 8.350912256923209
-5.623108717828007 12.58850002 -5.528078380373487 13.58199978
16.87460409212717 -6.94299984 16.93050003 -6.03149986
-5.537877705769806 16.44000053 -5.531329369725239 17.51399994
14.327587920997841 9.96199989 14.306380552409427 11.08399963
-5.68149996 8.639445576963908 -4.61299992 9.765548028420849
-5.569651962053749 -15.54349995 -5.5483587559600345 -14.54699993
19.142690729051555 0.61699998 19.14073808458722 1.79900002
-5.567354316525204 -19.55349922 -5.553918256038766 -18.56599998
-5.645605253801912 -7.59600019 -5.56991895885787 -6.47800016
-5.578125440070135 -0.53299999 -5.594387558156318 0.27849999
-5.636680665844954 -3.64400005 -5.608849247162169 -2.53999996
18.74900055 -2.980038311921703 18.78899956 -1.7855576028824771
-5.582567486944276 -23.35700035 -5.591367922379607 -22.39999962
-5.58734509630662 0.61049998 -5.582648126995742 1.41100001
8.77499962 -11.38290679629156 9.50800037 -12.005841520627829
-0.93300003 2.8596480375165383 -0.219 3.6282908190635426
5.82299995 8.617116794030542 6.86499977 8.621812361640924
22.61100006 2.3821334020007043 22.64100075 2.896433148999563
16.3454571947196 -17.11100006 16.318980343540975 -15.78100014
-0.023274758683215824 -10.77600002 -0.07643625851342828 -9.92300034
