16.271037817049294 17.406131590157575 2 16.276006320550913 18.83912379075619 2
16.3121 -18.4567 2 16.319349099509235 -17.59405715840136 2
16.2915 -19.0179 2 16.3121 -18.4567 2
16.2916 -20.898 2 16.30350426122031 -19.478834974355394 2
15.8671 -20.9157 2 15.8671 -20.9157 2
16.27747622901355 19.26306781371338 2 16.282482877729745 20.70706167607117 2
16.3099 11.6676 2 16.330939297583036 13.115084010818109 2
16.36466362322502 15.431751352903655 2 16.385686985042472 16.869592117203926 2
16.0102 16.8873 2 16.0102 16.8873 2
16.2757 -22.7888 2 16.287774349514834 -21.357791642336146 2
15.9233 -22.8039 2 15.9233 -22.8039 2
16.33724356251656 13.549186292703693 2 16.358292587793745 14.992136690596798 2
15.928 14.9968 2 15.928617471009183 15.011039359073619 2
