-15.542991182641545 13.065041542245968 2 -15.542537486020763 14.528036202585104 2
-15.822143493067262 13.065366765396718 2 -15.82084739518776 14.528350207864493 2
-15.544882575688607 6.96603660875979 2 -15.54443353077252 8.414031335618652 2
-15.821893728570759 6.966905205323973 2 -15.81857413364563 8.41486296547268 2
-15.540404201646094 21.407046329984457 2 -15.539949574135097 22.873042748222623 2
-15.8264 21.6463 2 -15.824580116382704 22.8736295115043 2
-15.541103823324134 19.151039270761423 2 -15.540648572065196 20.619047032847295 2
-15.823724371469993 19.151453142392818 2 -15.822107425503436 20.619478385430504 2
-15.5391 25.4367 2 -15.538696228471647 26.73905160565016 2
-15.822882225228192 25.285128220604264 2 -15.82246158311383 26.739130269158416 2
-15.384151983910074 31.367035771044193 2 -15.382231159057126 32.814053158546635 2
-15.822357346238638 31.367871282044735 2 -15.819646170430968 32.81489491900098 2
-5.844470474518545 30.720940570340492 2 -5.8440223603825885 32.20594372824634 2
-6.02687 31.144 2 -6.025342370140682 32.20598775779647 2
-3.919618525451147 9.207794059947787 2 -3.917664305220599 10.647804081240622 2
-3.64374 9.33681 2 -3.6412702201417844 10.64720706091113 2
-6.0245270798467425 34.240111362393755 2 -6.01836 35.4467 2
-5.843408578164602 34.239953501299475 2 -5.842970424680272 35.69194810640063 2
-5.141942976676018 1.1841898216594902 2 -3.6724478493651396 1.1852731253820745 2
-4.67811 0.903217 2 -3.6711040847783494 0.9072487562005833 2
-15.71090259074248 1.1885556599157756 2 -14.265898559454033 1.1897574579720016 2
-15.710791479355938 0.9057091760324448 2 -14.2775 0.906457 2
-15.545749341514165 4.1710548600046025 2 -15.545403869799998 5.285066404229074 2
-15.824773582902342 4.171625077556646 2 -15.823246214301628 5.285675006845922 2
-3.9143814826556085 13.06682386100594 2 -3.9124558583363274 14.485762358143997 2
-3.6440229831630733 13.066511361431262 2 -3.64259 14.2399 2
-13.527941103400419 8.948010827028773 2 -13.527297323850636 10.369024651628566 2
-13.445595253968285 8.947967328517628 2 -13.444800635130902 10.368984195410071 2
-3.8782002933998965 39.727726402124944 2 -3.8762162031326985 41.189746814795605 2
-3.74321 40.0377 2 -3.741517824808387 41.189528138143075 2
-6.124201092852989 15.922285867096628 2 -6.11951 17.2507 2
-5.848936216382965 15.921941299960181 2 -5.848484480602583 17.41894620692691 2
-3.911340310820305 15.30777800263964 2 -3.909403724292553 16.734794243425565 2
-3.64196 15.5461 2 -3.641775471899797 16.73493546613752 2
-3.89781420165287 25.274788089700028 2 -3.8958586201622145 26.715801185347612 2
-3.6446913441678572 25.274831740737582 2 -3.64421 26.4475 2
-3.906111424589631 19.160797460052464 2 -3.9041571494043192 20.600847975967998 2
-3.6414663992888436 19.15942366685381 2 -3.63696 20.3417 2
-15.542293422555938 15.315045691893292 2 -15.541847789234367 16.752039356965938 2
-15.8282 15.6476 2 -15.824665605049294 16.753302165303797 2
-3.889512919167567 31.39177008669251 2 -3.8876034556450234 32.79880014644408 2
-3.6440408171247953 31.390698592611365 2 -3.64073 32.4464 2
-15.544190403082256 9.198023316924832 2 -15.543740731950706 10.64803734443206 2
-15.8231 9.54669 2 -15.822437002199612 10.648240445411629 2
-3.881219790245834 37.502743951609226 2 -3.879268293194497 38.94074733859747 2
-3.6414023499455976 37.50106936224675 2 -3.63627 38.6379 2
-3.8864988291633584 33.6127683873404 2 -3.8845486697263802 35.0497861238626 2
-3.64603 33.8578 2 -3.643798673275798 35.04925426983519 2
-6.12541 12.6531 2 -6.121482037070495 13.858261225152233 2
-5.8499893556433795 12.431948456742818 2 -5.849559048247696 13.85794194855412 2
-15.381135991539626 33.63907707346391 2 -15.3792285511977 35.07601149054766 2
-15.7237 33.9351 2 -15.72144041138875 35.07669437948391 2
-3.903059399897861 21.409748766912188 2 -3.9011010239821755 22.852820995908232 2
-3.643660042621978 21.409786165206377 2 -3.6429662033894563 22.852812874371203 2
-13.516541041020952 34.268046402545 2 -13.515909063473655 35.68606357922167 2
-13.3439129943228 34.26797644414553 2 -13.3435 35.4521 2
-13.44583870987884 12.4499691213246 2 -13.442678392970963 13.893956727442665 2
-13.526354540169773 12.450029934511356 2 -13.525700347469034 13.894028694670201 2
-15.538454398011941 27.519067692415334 2 -15.538003306455616 28.974048470955903 2
-15.8277 27.7451 2 -15.82452268620108 28.975137137073766 2
-13.518155717373437 30.645071484531933 2 -13.517468050526782 32.18804307357299 2
-13.3444 31.0244 2 -13.342401725253504 32.18786608475353 2
-3.922642103679545 6.979804153285151 2 -3.9207435542836313 8.378791899548183 2
-3.644614362213065 6.979199557094869 2 -3.641962969224989 8.378181140347788 2
-13.524771157232186 15.945029184957614 2 -13.524080715370225 17.46904067500908 2
-13.343172520580163 15.944644845159505 2 -13.3389 17.3473 2
-6.02505 9.23962 2 -6.023482852322341 10.355006794636873 2
-5.851041895084955 8.943943350129476 2 -5.850616110436201 10.354948933870439 2
-3.8947458035288927 27.535804519053414 2 -3.892813348761978 28.95977618128136 2
-3.64438 27.7342 2 -3.644190901668449 28.959935385113425 2
-3.92612 4.41704 2 -3.925091829459107 5.174670004714976 2
-3.741177797261158 4.1845104053151925 2 -3.74003 5.13946 2
-18.543173766021617 2.6081898562140475 2 -18.0869 2.60906 2
-18.5432460823352 2.786572388750323 2 -18.0866 2.78699 2
-13.9259 1.82866 2 -13.922197300677727 2.819100689900267 2
-13.8789 2.17928 2 -13.878322042798283 2.8197432730818215 2
-13.3468 4.08699 2 -12.265982046528128 4.087061921806444 2
-13.3366 4.74932 2 -13.1882 4.75236 2
-13.618188601670747 38.12993051484931 2 -13.615780466163628 39.1710632025262 2
-13.342788142067532 38.129974529634275 2 -13.3427 39.1459 2
-15.623145927824643 39.88060051513038 2 -15.623279635491198 38.56063843090566 2
-15.372851922359317 39.87972526415292 2 -15.374602697833051 38.56081138805593 2
-1.9259412912164167 1.5818445201333737 2 -1.9237128104787804 2.595859752452646 2
-1.7429423987591157 1.581982128735021 2 -1.74291 2.0415 2
-5.842222339854093 38.17102261023806 2 -5.841921765795733 39.167093454771965 2
-6.124142652089132 38.172175574640235 2 -6.12089 39.1476 2
-6.28379 4.08746 2 -6.279179827184602 4.941960235592058 2
-5.852528992280592 4.015859510674745 2 -5.852249559959175 4.941868860594408 2
-5.851898583515262 6.104967914475824 2 -5.851585961075534 7.140965828799068 2
-13.529261730247672 6.03299277820362 2 -13.528794190937077 7.064991735180814 2
-13.9827 5.94501 2 -13.9827 5.94501 2
-5.841693526582234 39.92345422451451 2 -5.841629551475872 40.135461004375294 2
-13.610755106708586 41.34372582076578 2 -13.608486052847683 42.32472798517968 2
-14.2905 42.4392 2 -14.2905 42.4392 2
-15.153985385823464 42.54203762612209 2 -14.2896 42.5458 2
-14.2905 42.4392 2 -14.189534512374186 42.44056139892446 2
-15.3696 42.3295 2 -15.371229361921548 41.102050746937394 2
-15.3694 42.5411 2 -15.3695 42.4247 2
