1.7205167593244806 19.060234787397324 2 1.7241946707733504 21.219289204140452 2
-15.9773 -2.1679 2 -14.0744 -2.16726 2
1.7252301430340629 21.827145317313814 2 1.7288876115371556 23.97419905568691 2
-20.87330606857437 25.155893691033462 2 -20.870843873161707 27.28092221937287 2
-20.874954764264114 15.649797871667417 2 -20.872149884528387 17.69479561727613 2
1.6283640631374003 12.956079692066785 2 1.6292935982655785 15.117079858694563 2
1.7269229943142193 27.936036837343288 2 1.7279140510213582 30.01603740998997 2
-20.87448305403894 33.98272104856575 2 -20.871303479603164 36.11972976145251 2
-20.773807618115047 3.5099439784296735 2 -20.773003120246948 5.569949264467231 2
-20.875322732189986 31.260798820698913 2 -20.872954870626256 33.36085524157293 2
1.7231175870147015 6.8100430852401 2 1.724209412937525 8.921043637460564 2
-20.774324741139374 9.606503558376993 2 -20.76933829062244 11.663494823233652 2
1.6174152107692195 3.456552251690605 2 1.62982 4.85043 2
1.82623 4.85514 2 1.8265406172437224 5.548000000054006 2
-20.773515814593114 6.88463092639201 2 -20.769114551361483 8.943626802808042 2
1.8251037441041222 40.149054050707875 2 1.827873203321549 42.231066742303575 2
-20.874155132338355 21.778977127465094 2 -20.873715967221827 23.845980942601724 2
-20.775105889897432 19.09095539365596 2 -20.77457166308448 21.118956693736944 2
1.7236422254962411 25.20821377771071 2 1.728497198940126 27.259239770068717 2
-4.97633 -1.96707 2 -3.0380202074749434 -1.9666662239147559 2
1.726237602231001 9.62704435809134 2 1.7285060280554976 11.699044773908527 2
1.7258644917729524 0.7480138221818611 2 1.7268280408364767 2.841021332982281 2
-20.872715430998042 12.982738757877678 2 -20.8687104736597 15.032776295441286 2
-20.873513525170736 27.924948420242004 2 -20.872805885016703 30.016968595611537 2
1.7257119242086472 37.367063924353204 2 1.726977392318542 39.42806894971409 2
1.7274935199664014 15.712048185220091 2 1.7286564899066392 17.795048639529533 2
-20.77323902961878 0.7557262218444798 2 -20.77051297960152 2.8247242581647334 2
1.8278679433515956 34.022016436758314 2 1.8286886896417376 36.10202203491818 2
-12.6818 -2.16561 2 -11.3737 -2.16383 2
-13.34741599436549 -1.9748889556999394 2 -12.6775 -1.97277 2
1.7246888282064046 31.264202974166412 2 1.72951288113307 33.32219795872071 2
