8.530023115735496 7.968603148663442 2 11.183025168007884 7.971245025130321 2
8.529950731344934 8.046893305160152 2 11.18295280300065 8.04926519291914 2
7.68698883260731 -0.5504786692254018 2 9.680990037820424 -0.5500414755349999 2
7.687121022769275 -0.7312930276712982 2 9.681124938843986 -0.7294449275585093 2
-20.739509326288548 -0.6358257311653542 2 -18.1817 -0.631854 2
-20.739314366362052 -0.6679810877046953 2 -18.1224670902455 -0.6494218871648617 2
13.898149363109468 6.656981605595244 2 13.89903037120143 7.9759840650633915 2
14.078122715194052 6.656615651652815 2 14.080565058358918 7.975619986367577 2
-11.846097780378539 -4.70839041989188 2 -10.4677 -4.70311 2
-9.955151315376051 -4.701144548830881 2 -8.584063434885266 -4.6958960235213905 2
-4.296977512661092 -4.745920717969018 2 -2.973010120280608 -4.738040769309169 2
-2.95328 -4.20061 2 -2.95328 -4.20061 2
14.7741 13.8152 2 16.1995600655205 13.830298330912056 2
-6.1918844382245615 -4.793542626391964 2 -4.8588338476444415 -4.790432062118582 2
-6.198920740996959 -4.188504709175184 2 -6.19774 -4.18849 2
-8.050833775158127 -4.797879642359918 2 -6.717824056457214 -4.794771736813605 2
-2.4301254598849966 -4.734809106357971 2 -1.1151018447443952 -4.726974601288523 2
-29.188147027424137 -4.742018413620839 2 -27.7866 -4.71792 2
-29.197186329701317 -4.245191680212567 2 -29.1889 -4.24504 2
-29.031043619852902 14.009543660545566 2 -27.796036691424785 14.009964733484 2
-27.6963 13.3632 2 -27.6963 13.3632 2
-27.306003687812975 -4.7096523602951095 2 -25.8911 -4.68533 2
-25.8688 -4.23884 2 -25.8688 -4.23884 2
5.575663974575421 -4.793069240190874 2 6.872676721003515 -4.789089532330145 2
6.96493 -4.75483 2 6.96493 -4.75483 2
-23.439119773227308 13.904790741800078 2 -22.176116442778664 13.907570009203072 2
-22.0852 13.3495 2 -22.0852 13.3495 2
12.9589 13.796 2 14.329727297616506 13.810593830587313 2
12.905534155792635 13.30296706769219 2 12.9348 13.303 2
11.158499988025403 -4.792818490275023 2 12.351499938908711 -4.79179263195475 2
12.5333 -4.33697 2 12.5333 -4.33697 2
-21.561499384288922 -4.792092367335855 2 -20.325497738587824 -4.792033588835837 2
-27.098846248613544 13.796959804309935 2 -25.961469920003164 13.806223502914001 2
-25.8354 13.401 2 -25.8354 13.401 2
-19.685496550633637 -4.792003153350603 2 -18.440497551251354 -4.791943946978214 2
-18.3344 -4.24429 2 -18.3344 -4.24429 2
9.229623710379823 13.79426875414477 2 10.509679679434518 13.803332166717734 2
9.14291 13.3266 2 9.14291 13.3266 2
7.46588729358672 13.781795119708251 2 8.651973656384365 13.79018432034607 2
7.3944 13.5237 2 7.3944 13.5237 2
11.11960612215819 13.807640602898235 2 12.392608957236662 13.816635817956731 2
12.4377 13.3417 2 12.4377 13.3417 2
-25.279009464278044 13.81179615136109 2 -24.06006060767034 13.821618672989606 2
-25.3848 13.4101 2 -25.3848 13.4101 2
-23.44717336099788 -4.702894779238211 2 -22.18711242328931 -4.698302003104933 2
-23.534 -4.27526 2 -23.534 -4.27526 2
-25.295104029436484 -4.7096249014453235 2 -24.133106405241968 -4.70539374694652 2
-23.9548 -4.28864 2 -23.9548 -4.28864 2
7.386831353689851 -4.751668706544546 2 8.655055106667149 -4.742165946206672 2
8.74677 -4.30788 2 8.74677 -4.30788 2
14.885575239422604 -4.789628084612555 2 16.082576973914083 -4.788597219910309 2
14.7476 -4.28764 2 14.7476 -4.28764 2
13.027511813863292 -4.791215609556364 2 14.181526812365023 -4.790228988500098 2
12.9407 -4.3279 2 12.9407 -4.3279 2
9.261912680150624 -4.737621885995091 2 10.467891451930146 -4.728589426515431 2
9.15016 -4.30217 2 9.15016 -4.30217 2
