8.52999973 7.9920873671879935 11.18299961 7.996910664012687
7.6869998 -0.6004999634969486 9.68099976 -0.5943834644958119
-20.73950005 -0.6417996947541724 -18.12299919 -0.5743958217804273
13.870520326008469 6.65700006 13.875427874982309 7.97599983
-11.84599972 -4.733988044870145 -10.44900036 -4.727712673423014
-9.95499992 -4.740694013304446 -8.58399963 -4.7125639635132
-4.29699993 -4.7421542180819 -2.97300005 -4.739732750276683
14.7670002 13.863632773674734 16.1989994 13.88323175211218
-6.19199991 -4.744056518755264 -4.85900021 -4.71913649744401
-8.05099964 -4.726738662393015 -6.71799994 -4.719333642444508
-2.43000007 -4.755855829591744 -1.11500001 -4.744067588341902
-29.18899918 -4.692457810653139 -27.75900078 -4.679094318850432
-29.03100014 13.882017251987788 -27.79599953 13.900970274583905
-27.30599976 -4.709880852801531 -25.88899994 -4.706859031835826
5.57550001 -4.739632115726865 6.87249994 -4.731475450364991
-23.43899918 13.849988657065346 -22.1760006 13.854926706473357
12.90499973 13.777893455412416 14.32999992 13.78498587227912
11.15849972 -4.7925067958761565 12.35149956 -4.791351988188297
-21.56150055 -4.767579649042656 -20.32550049 -4.734176549703999
-27.09900093 13.815951241202278 -25.96199989 13.871292041414382
-19.68549919 -4.736502227513211 -18.44050026 -4.73498404184161
9.22974968 13.776477644788365 10.50975037 13.793348302519254
7.46575022 13.80117492940964 8.65174961 13.821860563721623
11.11975002 13.787276180325428 12.39274979 13.79670516528926
-25.27899933 13.810538514361198 -24.05999947 13.814031650412778
-23.4470005 -4.750320428727909 -22.18700027 -4.729072059122954
-25.29500008 -4.73817242866593 -24.13299942 -4.734774994316467
7.38700008 -4.77418665992602 8.65499973 -4.734775461532467
14.88549995 -4.702204808552146 16.08250046 -4.699752109903156
13.02750015 -4.777572810129987 14.18150043 -4.759370489444721
9.26200008 -4.749291173108063 10.46800041 -4.743137083170112
