6.40562 4.83938 2 6.40562 4.83938 2
6.57035 4.85076 2 6.57035 4.85076 2
10.286543854469782 8.289606446825239 2 11.74041916426222 8.290123033863377 2
12.9976 6.16861 2 13.8353921971629 6.168841159372278 2
12.921081682600551 6.004394249955016 2 13.7741 6.0045 2
-1.6899558031256001 -0.6125938714045899 2 -1.68965 0.942845 2
-1.25496 0.942975 2 -1.2549503658723102 1.0539818277742745 2
15.607118142933949 6.214234215096096 2 15.607558407378068 7.303899720899579 2
15.753182912097047 6.21421767623514 2 15.753249832135477 7.303876661970014 2
3.404623364448148 1.8109704109963158 2 3.4047 2.32465 2
3.5772405714155466 1.8109124159836365 2 3.57745 2.51755 2
13.245784117749148 3.699802025439696 2 13.245940288479275 4.6685655042536895 2
13.465714288999779 3.6996973817689245 2 13.4661 4.65016 2
6.5702 3.86157 2 7.28597 3.86172 2
6.4269266676438574 3.703679086447587 2 7.08318 3.7037 2
0.4844006750871499 4.387096337810572 2 1.36222 4.38729 2
0.48428734005213636 4.57668584146765 2 1.35629 4.57701 2
14.671070700442254 4.763664019699919 2 15.4156 4.76388 2
14.671089229469999 4.650281891974079 2 15.5421 4.65037 2
10.731507284600905 3.7087653689516578 2 10.731685907967728 4.941061183166875 2
10.087 4.3189 2 10.087031183339583 4.941084023860299 2
1.3563311413346508 4.67639338984947 2 1.3566142388701685 5.360260186502885 2
1.53237 4.7785 2 1.5324 5.31932 2
10.989504614052242 5.038350749386985 2 11.721742991846872 5.038551697754594 2
10.98943914588022 5.262231332655111 2 11.6683 5.26243 2
4.5545 1.13454 2 4.5545 1.13454 2
4.98233 0.952149 2 4.98233 0.952149 2
3.1153 0.951956 2 3.491731345296751 0.9519949127382218 2
2.94249 1.11792 2 3.40452 1.11813 2
