6.073926730446674 4.87510633 5.982377820731536 5.6211586
10.2866354 8.031961991432075 11.74051094 8.031830685540143
12.92105961 6.182439872391404 13.83538151 6.207574703246655
-1.5036987575000822 -0.61263049 -1.4260814237363768 1.05399668
15.629207978898245 6.21422529 15.648745049857322 7.30388308
3.358179022642109 1.81097734 3.378948964786071 2.70736957
13.18285504312096 3.69981217 13.191192124775602 4.66857433
6.42691994 3.9147880655824334 7.36424398 3.7493304404453704
0.48446324 4.103506186715828 1.38966632 4.125593424348288
14.67108154 4.726297795403816 15.56513977 4.777318905009518
10.812768505244279 3.70875359 10.831534115259984 4.94104671
1.352586507969301 4.67639494 1.4042667213017248 5.36024046
10.98950386 5.041098450190978 11.72173977 5.050291827598699
4.55168629 0.9329105953810704 4.59618473 0.7521871643946589
2.88657498 0.8829470823156716 3.4917407 0.8615000339429062
