-1.238768627624674 -10.823264842418075 2 1.547840736289103 -10.822032995863966 2
-10.181 -10.8201 2 -7.117992901655207 -10.819248562907577 2
0.408186 7.38368 2 1.4796496989931391 7.384101656513114 2
0.272704 7.37676 2 0.272704 7.37676 2
-5.332140710308308 -10.821665191464621 2 -3.1638304694612085 -10.821297410717284 2
5.786955130185839 -3.7387096617099065 2 6.4587714088910015 -3.73856070581838 2
5.786950286630397 -3.877532284221644 2 6.05032 -3.8775 2
3.629546689486312 -10.827928919162924 2 6.068354533742301 -10.827710894958967 2
11.751112055043215 -8.953567998417231 2 11.75163333170225 -6.580119547773932 2
8.006530459446346 -10.830021693857006 2 10.407820036227868 -10.82924965626539 2
11.752216980462771 -3.6815088414822936 2 11.75307346155369 0.1697206733739749 2
2.03724277883465 0.6726463894857414 2 3.045811406285275 0.6730314924719275 2
3.00467 0.8771 2 3.0457825130109066 0.8771064712876221 2
-6.31758 -5.5011 2 -6.31736 -4.7402 2
-6.199279721781922 -5.513818358352005 2 -6.1989495702696145 -4.671392331227747 2
4.805027755968077 7.3799073344926205 2 5.944294662622667 7.380285217144593 2
8.041473533860193 7.382695218711771 2 10.472912308473363 7.383111119708247 2
11.543325900184708 3.0742772928370163 2 11.543372980176006 5.521923668404416 2
-2.589310288335926 -8.846624480861557 2 -2.58912 -7.13648 2
-2.449275917537056 -8.846634904190607 2 -2.4492 -7.25121 2
