-10.8456 -6.74032 2.2 -10.8461 -10.3728 2.2 -10.1808 -10.3726 2.2 -10.181 -10.8201 2.2 -6.94329 -10.8192 2.2 -6.94319 -10.1636 2.2 -5.67748 -10.163 2.2 -5.67739 -9.91757 2.2 -5.44032 -9.91756 2.2 -5.43897 -6.73775 2.2 -5.87922 -6.73796 2.2 -5.87914 -6.52347 2.2 -10.1791 -6.52505 2.2 -10.1792 -6.74 2.2
-10.8497 -4.53068 2.2 -10.8501 -6.37735 2.2 -7.42964 -6.37658 2.2 -7.42954 -4.74861 2.2 -9.41325 -4.749 2.2 -9.41321 -4.53025 2.2
-7.43473 -4.61776 2.2 -9.26849 -4.61852 2.2 -9.26845 -4.44813 2.2 -10.6255 -4.44857 2.2 -10.6253 -0.751301 2.2 -6.73202 -0.750311 2.2 -6.73215 -2.73962 2.2 -6.10188 -2.73944 2.2 -6.10194 -4.18693 2.2 -6.31644 -4.18694 2.2 -6.31651 -4.44719 2.2 -6.49581 -4.44725 2.2 -6.49589 -4.61737 2.2 -6.73228 -4.61747 2.2 -6.73227 -4.44732 2.2 -7.43468 -4.44755 2.2
-7.29137 -4.54266 2.2 -7.29142 -6.39251 2.2 -6.54787 -6.39221 2.2 -6.54762 -5.50115 2.2 -6.31758 -5.5011 2.2 -6.31736 -4.7402 2.2 -6.7646 -4.74021 2.2 -6.76455 -4.54262 2.2
-6.40762 -5.64216 2.2 -6.40794 -6.3845 2.2 -5.72967 -6.38422 2.2 -5.72975 -6.59894 2.2 -5.30973 -6.59883 2.2 -5.30975 -6.85911 2.2 -4.56148 -6.85882 2.2 -4.56081 -4.75661 2.2 -4.79817 -4.75661 2.2 -4.79806 -4.31524 2.2 -6.19881 -4.31526 2.2 -6.19933 -5.64211 2.2
-5.96999 -0.762975 2.2 -5.97028 -3.78068 2.2 -4.6433 -3.78008 2.2 -4.64356 -4.61104 2.2 -4.42816 -4.61096 2.2 -4.4287 -6.63889 2.2 -2.66987 -6.63845 2.2 -2.67 -7.25124 2.2 -2.4492 -7.25121 2.2 -2.44937 -10.8238 2.2 2.07491 -10.8218 2.2 2.07512 -10.1525 2.2 2.68874 -10.1522 2.2 2.68992 -7.59757 2.2 2.47737 -7.59763 2.2 2.47949 -1.45936 2.2 0.359805 -1.46022 2.2 0.359735 -1.63042 2.2 -2.66885 -1.6307 2.2 -2.66882 -1.46144 2.2 -2.44893 -1.46135 2.2 -2.44889 -0.762124 2.2
-5.53713 -10.0337 2.2 -5.53736 -10.8217 2.2 -2.58953 -10.8212 2.2 -2.58912 -7.13648 2.2 -5.30331 -7.13721 2.2 -5.30363 -10.0337 2.2
-3.14786 3.14641 2.2 -3.14871 0.955655 2.2 -0.632218 0.95614 2.2 -0.632114 1.16805 2.2 0.473217 1.1683 2.2 0.473452 2.47708 2.2 0.271136 2.47702 2.2 0.271149 2.70107 2.2 -0.631364 2.70104 2.2 -0.631256 2.92081 2.2 -0.841735 2.92073 2.2 -0.841715 3.14642 2.2
-3.14935 7.3758 2.2 -3.15093 3.74469 2.2 0.270985 3.74598 2.2 0.272704 7.37676 2.2
-0.889069 3.55008 2.2 -0.889078 3.37171 2.2 -0.637658 3.37175 2.2 -0.637866 2.91514 2.2 0.475558 2.91537 2.2 0.475556 2.69731 2.2 0.684186 2.69732 2.2 0.684029 0.883051 2.2 2.03769 0.883112 2.2 2.0383 3.77458 2.2 0.475563 3.77383 2.2 0.475561 3.5505 2.2
-0.727178 0.766077 2.2 -0.727211 -0.708922 2.2 0.371235 -0.708812 2.2 0.371146 -1.29967 2.2 4.70236 -1.29859 2.2 4.70242 -0.865042 2.2 4.88308 -0.865041 2.2 4.88318 -0.425999 2.2 6.96992 -0.425017 2.2 6.97034 0.67453 2.2 0.766028 0.672161 2.2 0.765977 0.564141 2.2 0.501165 0.56401 2.2 0.501209 0.936024 2.2 -0.441933 0.935639 2.2 -0.442015 0.766177 2.2
0.408186 7.38368 2.2 0.407395 3.95666 2.2 1.95537 3.95736 2.2 1.95528 3.73188 2.2 3.37497 3.73216 2.2 3.37498 3.95801 2.2 3.58018 3.9581 2.2 3.58049 6.48306 2.2 3.37509 6.48298 2.2 3.3751 6.71633 2.2 2.08514 6.71618 2.2 2.0853 7.38434 2.2
2.17568 3.16365 2.2 2.17546 1.9367 2.2 3.00468 1.93686 2.2 3.00467 0.8771 2.2 4.26893 0.877299 2.2 4.26904 1.27683 2.2 4.67092 1.27702 2.2 4.67157 3.16473 2.2
2.61765 -1.46264 2.2 2.61559 -7.27021 2.2 3.80304 -7.26977 2.2 3.8048 -2.73691 2.2 3.57388 -2.73699 2.2 3.57421 -1.46255 2.2
2.83615 -7.40488 2.2 2.83444 -10.828 2.2 7.30882 -10.8276 2.2 7.30893 -9.8275 2.2 7.10066 -9.82754 2.2 7.10069 -7.17475 2.2 3.93062 -7.17594 2.2 3.93061 -7.40434 2.2
3.70577 -1.45529 2.2 3.70571 -2.23526 2.2 3.93656 -2.2352 2.2 3.93626 -3.73912 2.2 6.86787 -3.73847 2.2 6.86795 -3.30542 2.2 7.08881 -3.30532 2.2 7.08902 -1.90389 2.2 5.13064 -1.90477 2.2 5.13067 -1.70075 2.2 4.91375 -1.70077 2.2 4.91385 -1.45469 2.2
3.51667 7.37948 2.2 3.51662 6.67861 2.2 3.78865 6.67868 2.2 3.78842 3.75096 2.2 3.56512 3.75085 2.2 3.56497 3.37925 2.2 4.88366 3.37983 2.2 4.8825 0.940106 2.2 6.24213 0.940509 2.2 6.24219 1.27366 2.2 7.35574 1.27413 2.2 7.35577 1.7121 2.2 7.68225 1.71216 2.2 7.68243 3.06246 2.2 7.2463 3.06239 2.2 7.24632 5.35579 2.2 7.67697 5.35589 2.2 7.67719 7.38086 2.2
3.92928 -3.87776 2.2 3.92877 -7.0482 2.2 7.32168 -7.0482 2.2 7.32218 -5.1635 2.2 6.04993 -5.16388 2.2 6.05008 -4.66481 2.2 6.70024 -4.66463 2.2 6.70036 -4.06762 2.2 6.05026 -4.06782 2.2 6.05032 -3.8775 2.2
4.87265 -1.09735 2.2 4.8726 -1.47368 2.2 5.32238 -1.47352 2.2 5.3223 -1.68155 2.2 6.79082 -1.68088 2.2 6.79098 -1.19728 2.2 6.69642 -1.1973 2.2 6.69647 -0.967715 2.2 6.25821 -0.967792 2.2 6.25835 -0.659513 2.2 5.10466 -0.659993 2.2 5.10455 -1.09727 2.2
7.45199 -5.36625 2.2 7.62924 -5.36623 2.2 7.62977 -4.20776 2.2 7.00084 -4.2078 2.2 7.0009 -3.43977 2.2 7.227 -3.43972 2.2 7.22713 -1.37836 2.2 7.00108 -1.37841 2.2 7.00125 0.736668 2.2 11.7532 0.73871 2.2 11.7521 -4.20752 2.2 11.0928 -4.20756 2.2 11.0923 -5.36599 2.2 11.7519 -5.36594 2.2 11.7508 -10.3744 2.2 10.8735 -10.3744 2.2 10.8733 -10.8291 2.2 7.45194 -10.8302 2.2 7.45195 -9.69667 2.2 7.22663 -9.69674 2.2 7.22678 -7.17063 2.2 7.45197 -7.17056 2.2
7.45539 5.15328 2.2 7.45527 3.53471 2.2 7.6508 3.53476 2.2 7.65072 3.29893 2.2 7.89279 3.29903 2.2 7.89231 1.72758 2.2 7.65017 1.72757 2.2 7.64988 0.881984 2.2 11.0931 0.882247 2.2 11.0932 1.72773 2.2 11.5433 1.72775 2.2 11.5434 6.92666 2.2 10.8756 6.9265 2.2 10.8756 7.38318 2.2 7.89404 7.38267 2.2 7.89342 5.37137 2.2 7.65143 5.37128 2.2 7.65136 5.15336 2.2
