-5.81663179 1.1138815796448325 -4.67791796 1.0935166005919044
-11.22567489111886 4.25323057 -11.190447463313113 5.71587181
-5.79563999 -0.6232505036327555 -4.70219421 -0.6185987848624649
-11.221331306096358 6.32763243 -11.244463487885124 7.26865292
-6.062721654107181 1.39139688 -6.117776188784933 3.21006656
3.876030657231018 1.90320981 3.8857420239844536 3.23938704
8.673998265304883 -0.56877106 8.659334366726341 0.46048495
-3.34699726 -6.0911151021793115 2.68782425 -6.14103174
-1.21702123 1.1909165049553239 0.51051575 1.1907460549202307
2.9066038644491847 -0.5635041 2.892458092656874 1.28484738
-9.41195397009859 -0.5493778 -9.392869564640597 0.47660479
3.99145198 -0.6524764002415019 4.96397495 -0.6486421952170203
-1.4343941000904075 2.74130535 -1.5954286218424016 3.76821756
-4.686761013259862 -7.95090199 -4.701817228720588 -6.45440722
7.847053474102958 1.86999238 7.90658460410251 2.9904232
11.40167046 -1.2031546951027916 12.28567314 -1.2209760853251372
10.527803019384843 -3.57202697 10.500496686871914 -1.98523724
11.18308544 -4.441597402204496 12.37979126 -4.457771073984018
-11.225391706445535 -3.5533731 -11.218963199740847 -1.96784651
-9.6270504 3.5738571911025288 -8.49131966 3.585985591767087
-13.08851242 -4.374604607210663 -11.91409588 -4.376906807288634
4.4209023416832425 -7.98524618 4.442852869342025 -6.48870897
-3.574665679167938 -0.46280506 -3.6222925609548806 1.02880013
-5.702631 3.5541626310202847 -4.7037859 3.448516207893859
9.13375092 -0.7669759070040283 10.220438 -0.820393830908267
