-1.23895752 -10.395963844498846 1.54768205 -10.463062393831786
-10.65151978 -10.31676378524158 -7.11807156 -10.536278663439052
0.33131281 7.228510638325474 1.47973776 7.160331433088121
-5.3321743 -10.623631789745493 -3.16387272 -10.572202599187532
5.78690624 -3.51820664985388 6.45873308 -3.56569092097179
3.62953734 -10.723346032752346 6.06834316 -10.700484782266617
11.427527214160746 -8.95349693 11.428415671494472 -6.58004856
8.00649166 -10.709342717719245 10.40777016 -10.674118264467415
11.448556758948541 -3.68144131 11.452987369058832 0.16978741
2.03724194 0.6748432623817718 3.0458169 0.6586436831896461
-6.4878909080446885 -5.51370525 -6.487032251107995 -4.67127943
4.80509663 7.172261111813263 5.94435883 7.186828944143715
8.04150391 7.205110349297734 10.47293949 7.224202585278428
11.450932796117058 3.07427907 11.425794661239527 5.52192593
-2.530272640043251 -8.84663105 -2.5612065714396803 -6.71774673
