-0.80905545 3.6858099377545392 0.19006638 3.699640885430966
2.0049808904249704 2.15458703 2.0186223177727194 3.06049204
8.66057777 7.318390319753247 9.85499096 7.273952257524991
4.89435196 -0.6663342131060118 5.83144379 -0.706091565298604
2.02293348 3.734977681826217 3.33727002 3.766170594965747
3.6539245432748357 -6.33401012 3.701063103611995 -5.14751625
0.35336071 3.727252412632073 1.28992474 3.7048590806631214
3.724743521721339 -3.57926679 3.668147538967392 -2.19605994
-4.638139683860094 -5.53244257 -4.638176064552255 -4.36701345
0.12373216 -2.334035741007259 0.71106011 -1.648817847711172
-0.46577722 2.689792872001225 0.52043563 2.6991688315094633
2.62241483 -1.6408952722643149 3.5929153 -1.6721013771556479
4.35394287 7.215266927344833 5.3519969 7.185419754782084
2.3398947827825 -2.55983901 2.309773420533172 -1.72389388
-0.6994429092776778 -0.56876439 -0.6912091748555103 0.67060357
7.076099864567011 -0.86701584 7.086024896175975 0.65873784
