-13.9943 -7.15912 2.2 -13.9945 -9.72696 2.2 -11.1803 -9.72683 2.2 -11.1794 -7.15841 2.2
-13.9889 -4.43101 2.2 -13.9896 -6.96061 2.2 -11.1877 -6.95973 2.2 -11.1873 -4.42997 2.2 -10.9326 -4.42987 2.2 -10.9325 -4.16734 2.2 -13.246 -4.16826 2.2 -13.2461 -4.43073 2.2
-14.0217 -1.14892 2.2 -14.0228 -4.21861 2.2 -13.4355 -4.21857 2.2 -13.4355 -3.96842 2.2 -10.9382 -3.9683 2.2 -10.9378 -3.1872 2.2 -11.1968 -3.18725 2.2 -11.1962 -1.14836 2.2
-13.2567 7.57331 2.2 -13.2586 3.78829 2.2 -11.2078 3.78863 2.2 -11.2064 7.57375 2.2
-11.0097 -8.66786 2.2 -11.0105 -10.2436 2.2 10.3193 -10.2359 2.2 10.3196 -8.92124 2.2 4.04288 -8.92143 2.2 4.04313 -8.39872 2.2 3.80161 -8.39875 2.2 3.80198 -7.22673 2.2 4.04368 -7.22668 2.2 4.0443 -5.90606 2.2 -4.76991 -5.9102 2.2 -4.77007 -8.90322 2.2 -10.4343 -8.90482 2.2 -10.4342 -8.66782 2.2
-11.0211 -5.43013 2.2 -11.0211 -8.21396 2.2 -10.2395 -8.21388 2.2 -10.2396 -8.72262 2.2 -4.94616 -8.72132 2.2 -4.94567 -5.14962 2.2 -5.44297 -5.14969 2.2 -5.44292 -4.93035 2.2 -10.5038 -4.93279 2.2 -10.504 -5.43 2.2
-10.9973 -0.681889 2.2 -10.9981 -2.95824 2.2 -10.7657 -2.95823 2.2 -10.7663 -4.74638 2.2 -5.00269 -4.74618 2.2 -5.00281 -4.98676 2.2 -4.18288 -4.9864 2.2 -4.18127 -0.679858 2.2
-11.0063 8.08378 2.2 -11.0079 3.53565 2.2 -5.93175 3.53626 2.2 -5.93165 3.76085 2.2 -4.69517 3.76135 2.2 -4.69483 8.08443 2.2
-11.0141 1.09282 2.2 -11.0141 -0.464933 2.2 -9.17515 -0.464539 2.2 -9.17492 1.09348 2.2
-9.98803 3.08549 2.2 -9.98865 1.50619 2.2 -8.18732 1.50658 2.2 -8.18669 2.82694 2.2 -8.67221 2.8268 2.2 -8.672 3.58647 2.2 -9.50343 3.58609 2.2 -9.50363 3.08557 2.2
-9.01344 1.33842 2.2 -9.01416 -0.490312 2.2 -6.19929 -0.489971 2.2 -6.19927 1.33959 2.2
-6.01481 1.07292 2.2 -6.01495 -0.476597 2.2 -3.70214 -0.476452 2.2 -3.7014 1.07322 2.2
-6.27163 3.32997 2.2 -6.27196 1.50305 2.2 -6.03593 1.50312 2.2 -6.03598 1.25493 2.2 -4.42812 1.25529 2.2 -4.42762 3.33042 2.2 -4.70685 3.33035 2.2 -4.70678 3.58817 2.2 -5.75546 3.58782 2.2 -5.75555 3.33009 2.2
-4.5213 4.58243 2.2 -4.52144 3.51157 2.2 -4.25588 3.51163 2.2 -4.25606 2.75865 2.2 -1.43459 2.75918 2.2 -1.43398 4.58396 2.2
-4.24541 2.57436 2.2 -4.24572 1.25842 2.2 -1.45681 1.2598 2.2 -1.45678 2.57495 2.2
-4.00129 -0.911935 2.2 -4.00324 -4.96622 2.2 -3.75549 -4.96619 2.2 -3.75565 -5.74375 2.2 2.79166 -5.74173 2.2 2.79183 -5.23968 2.2 3.22983 -5.23966 2.2 3.22974 -5.45506 2.2 3.55766 -5.45497 2.2 3.55783 -4.92834 2.2 3.31314 -4.92834 2.2 3.31415 -0.924103 2.2 3.0433 -0.924123 2.2 3.04353 1.09085 2.2 -3.51184 1.08764 2.2 -3.51196 -0.911878 2.2
-1.25199 4.58156 2.2 -1.25323 1.27686 2.2 0.804861 1.277 2.2 0.805829 4.58231 2.2
1.49119 4.59195 2.2 1.49033 1.288 2.2 4.04963 1.28837 2.2 4.04986 4.07164 2.2 3.79545 4.07154 2.2 3.79547 4.59307 2.2
3.26181 1.07718 2.2 3.26149 -0.470905 2.2 5.81768 -0.470531 2.2 5.81794 0.0725151 2.2 5.54007 0.07246 2.2 5.54009 1.07778 2.2
3.48386 -0.672194 2.2 3.48224 -4.723 2.2 9.49939 -4.72274 2.2 9.49939 -4.97792 2.2 10.3032 -4.97777 2.2 10.305 -0.670523 2.2
3.98702 -7.42267 2.2 3.98656 -8.73601 2.2 9.55949 -8.73551 2.2 9.55976 -7.99573 2.2 10.3174 -7.99567 2.2 10.3174 -7.72376 2.2 10.5745 -7.72365 2.2 10.5749 -5.8916 2.2 10.3175 -5.89169 2.2 10.3176 -5.16065 2.2 9.27763 -5.1608 2.2 9.27765 -4.9288 2.2 4.25781 -4.93023 2.2 4.25723 -7.42255 2.2
4.00812 5.32497 2.2 4.00801 4.25745 2.2 4.22825 4.25754 2.2 4.22725 1.26693 2.2 6.30345 1.2671 2.2 6.3035 1.51475 2.2 8.0417 1.51525 2.2 8.04176 5.32551 2.2
5.74533 1.08535 2.2 5.74528 0.276975 2.2 5.98089 0.276979 2.2 5.98069 -0.496687 2.2 8.80697 -0.495733 2.2 8.80783 1.35104 2.2 6.50017 1.35096 2.2 6.50008 1.08542 2.2
8.9754 1.06568 2.2 8.97531 -0.475951 2.2 10.3167 -0.475467 2.2 10.3175 1.066 2.2
10.5032 -1.1528 2.2 10.5024 -4.23949 2.2 13.3013 -4.23861 2.2 13.3026 -1.15258 2.2
10.5063 -7.90268 2.2 10.506 -9.72796 2.2 13.313 -9.72747 2.2 13.3137 -7.16104 2.2 10.7484 -7.16124 2.2 10.7483 -7.90258 2.2
10.4844 -4.41196 2.2 10.4844 -5.71895 2.2 10.7608 -5.71889 2.2 10.7605 -6.97276 2.2 13.3158 -6.97171 2.2 13.3167 -4.41083 2.2
