-5.81663179 1.1123408491391478 -4.67791796 1.0828785507989522
-11.239893923962818 4.25323057 -11.172010366937561 5.71587181
-5.79563999 -0.6193173616509974 -4.70219421 -0.6231135829718057
-11.203480992570077 6.32763243 -11.245184787159705 7.26865292
-6.103773871794258 1.39139688 -6.106985392810929 3.21006656
3.886872423754807 1.90320981 3.87447426055494 3.23938704
8.67303491363173 -0.56877106 8.659538066844146 0.46048495
-3.34699726 -6.118008016593186 2.68782425 -6.1207078523415674
-1.21702123 1.1931909895546848 0.51051575 1.1863046550103902
2.920478461749223 -0.5635041 2.8746632547156534 1.28484738
-9.390241682615384 -0.5493778 -9.399343020474161 0.47660479
3.99145198 -0.6433297412496793 4.96397495 -0.6659380528666449
-1.433836971158627 2.74130535 -1.5723445006203556 3.76821756
-4.700790082257873 -7.95090199 -4.70167854102574 -6.45440722
7.897172105366575 1.86999238 7.8800620789680105 2.9904232
11.40167046 -1.2650748858432053 12.28567314 -1.1855980030686237
10.508504981383604 -3.57202697 10.521525228545993 -1.98523724
11.18308544 -4.442819983162425 12.37979126 -4.455266427677013
-11.226963043892123 -3.5533731 -11.221853867650854 -1.96784651
-9.6270504 3.60298910491052 -8.49131966 3.58041963384233
-13.08851242 -4.3858365819508185 -11.91409588 -4.369845396565906
4.447189639116884 -7.98524618 4.4438562845218 -6.48870897
-3.6485532498749853 -0.46280506 -3.5732250337257816 1.02880013
-5.702631 3.473174023124828 -4.7037859 3.452273583932119
9.13375092 -0.8028402872321074 10.220438 -0.8053065694039233
