-3.07986 4.38631 2.2 -3.08131 1.09571 2.2 -1.39793 1.09637 2.2 -1.39792 1.36173 2.2 1.10844 1.36241 2.2 1.10921 2.93562 2.2 1.57301 2.93583 2.2 1.57337 3.93855 2.2 1.36209 3.93854 2.2 1.36222 4.38729 2.2
-2.40928 8.08934 2.2 -2.40978 4.57561 2.2 1.35629 4.57701 2.2 1.35667 5.49496 2.2 1.56631 5.49498 2.2 1.56699 8.09062 2.2
-1.68965 0.942845 2.2 -1.68998 -0.735669 2.2 2.95563 -0.735264 2.2 2.95565 1.17487 2.2 -1.25494 1.17342 2.2 -1.25496 0.942975 2.2
1.5324 5.31932 2.2 1.53237 4.7785 2.2 2.94689 4.77916 2.2 2.94702 5.04655 2.2 4.5703 5.04707 2.2 4.57091 8.06486 2.2 1.76312 8.06448 2.2 1.76246 5.31938 2.2
1.27849 2.7907 2.2 1.2784 1.34463 2.2 2.9426 1.34521 2.2 2.94249 1.11792 2.2 3.40452 1.11813 2.2 3.4047 2.32465 2.2 3.20223 2.32463 2.2 3.20232 2.55451 2.2 2.94316 2.55449 2.2 2.94327 2.7911 2.2
1.52586 4.36783 2.2 1.52579 4.11091 2.2 1.76899 4.11099 2.2 1.76853 3.20604 2.2 2.87271 3.20638 2.2 2.87259 2.96849 2.2 3.14101 2.96852 2.2 3.14098 2.7442 2.2 3.36565 2.74429 2.2 3.36563 2.51755 2.2 3.57745 2.51755 2.2 3.57704 1.13416 2.2 4.5545 1.13454 2.2 4.5546 3.85964 2.2 6.4055 3.8601 2.2 6.40562 4.83938 2.2 3.14128 4.838 2.2 3.14125 4.61907 2.2 1.76924 4.61896 2.2 1.76911 4.36789 2.2
3.1153 0.951956 2.2 3.11465 -0.498032 2.2 8.46853 -0.495593 2.2 8.46864 -0.27128 2.2 11.7032 -0.269988 2.2 11.7033 -0.0285339 2.2 11.9424 -0.0284894 2.2 11.9426 0.717347 2.2 7.07847 0.715048 2.2 7.07866 1.16919 2.2 4.98234 1.16853 2.2 4.98233 0.952149 2.2
3.837 -0.669546 2.2 3.83542 -4.63154 2.2 8.71656 -4.63142 2.2 8.71698 -1.37086 2.2 8.46257 -1.37092 2.2 8.46262 -0.668063 2.2
4.72587 3.00335 2.2 4.72547 1.33595 2.2 7.08289 1.33601 2.2 7.08292 1.58709 2.2 8.40658 1.5873 2.2 8.40629 0.894239 2.2 11.9465 0.894553 2.2 11.9471 3.02748 2.2 11.6785 3.02745 2.2 11.6786 3.23171 2.2 11.4858 3.23163 2.2 11.4858 3.46164 2.2 10.066 3.46144 2.2 10.0663 4.14803 2.2 9.17247 4.14764 2.2 9.17254 4.39938 2.2 8.40777 4.39904 2.2 8.40738 3.46121 2.2 7.08315 3.46103 2.2 7.08318 3.7037 2.2 5.20042 3.70364 2.2 5.20036 3.46076 2.2 4.96627 3.46073 2.2 4.96613 3.00344 2.2
4.74967 8.0592 2.2 4.74957 5.01079 2.2 7.10415 5.01103 2.2 7.10504 8.06034 2.2
6.57035 4.85076 2.2 6.5702 3.86157 2.2 7.28597 3.86172 2.2 7.28593 3.63225 2.2 8.23329 3.63239 2.2 8.2336 4.57954 2.2 9.32298 4.57997 2.2 9.3229 4.31869 2.2 10.087 4.3189 2.2 10.0872 8.30939 2.2 7.28673 8.30908 2.2 7.28614 4.85088 2.2
8.88873 -1.18227 2.2 8.88762 -5.09789 2.2 12.6126 -5.09647 2.2 12.6128 -4.62692 2.2 13.9633 -4.62642 2.2 13.9644 -0.696711 2.2 11.2355 -0.696768 2.2 11.2355 -0.429213 2.2 8.65114 -0.430423 2.2 8.65093 -1.18233 2.2
10.2684 8.2896 2.2 10.2673 5.26202 2.2 11.6683 5.26243 2.2 11.6684 6.86046 2.2 11.8726 6.86055 2.2 11.8726 8.29017 2.2
10.7317 5.03828 2.2 10.7315 3.65851 2.2 11.646 3.65853 2.2 11.6459 3.43787 2.2 11.8847 3.43796 2.2 11.8846 3.17749 2.2 12.0861 3.17756 2.2 12.0857 2.50033 2.2 13.0285 2.50074 2.2 13.0287 3.17792 2.2 13.2457 3.178 2.2 13.246 5.03897 2.2
11.8513 -0.208093 2.2 11.8512 -0.508028 2.2 13.0226 -0.50773 2.2 13.0227 2.32427 2.2 12.0796 2.32417 2.2 12.0792 -0.207985 2.2
11.8714 6.23862 2.2 11.8714 5.24083 2.2 13.774 5.24173 2.2 13.7741 6.0045 2.2 12.8868 6.00439 2.2 12.8869 6.23878 2.2
12.0651 8.14767 2.2 12.0651 6.36833 2.2 12.9977 6.36875 2.2 12.9976 6.16861 2.2 15.6071 6.16933 2.2 15.6079 8.14935 2.2
13.2208 3.02 2.2 13.2192 -0.493516 2.2 16.6723 -0.492945 2.2 16.6723 -0.740892 2.2 17.9658 -0.740293 2.2 17.967 3.02103 2.2
13.4661 4.65016 2.2 13.4655 3.17165 2.2 17.9761 3.17338 2.2 17.9762 3.59688 2.2 19.3305 3.59715 2.2 19.3319 8.12086 2.2 15.7533 8.12076 2.2 15.7531 4.86416 2.2 15.5422 4.86409 2.2 15.5421 4.65037 2.2
13.9339 6.0332 2.2 13.9333 4.76345 2.2 15.4156 4.76388 2.2 15.4156 5.00475 2.2 15.6069 5.00477 2.2 15.6069 6.03338 2.2
14.1606 -0.640893 2.2 14.1594 -4.22427 2.2 14.5746 -4.22417 2.2 14.5745 -4.70001 2.2 15.6479 -4.6998 2.2 15.6484 -3.07305 2.2 17.0508 -3.07238 2.2 17.0515 -0.881379 2.2 16.5391 -0.881432 2.2 16.5392 -0.639812 2.2
