4.940601869409134 8.059292411099372 2 6.98515015136781 8.060281973266434 2
2.548877955487243 8.064586342719037 2 4.363216629900542 8.0648318912452 2
17.96596122287902 -0.234950230854428 2 17.966831501607093 2.4928825994167525 2
7.565469745934353 8.30911085529259 2 9.76640701804971 8.309354489594817 2
-2.409703506868638 5.113162420919487 2 -2.409611186943723 5.761937000461952 2
-2.409565894341198 6.080228953002093 2 -2.409486208741241 6.640216319279643 2
-2.4094360063779563 6.9930114191677895 2 -2.4093482543875493 7.609685021670689 2
14.1594 -4.22427 2 14.5746 -4.22417 2
13.9633 -4.62642 2 13.9633 -4.62642 2
1.76312 8.06448 2 2.430527451309148 8.064570325427292 2
1.56699 8.09062 2 1.56699 8.09062 2
7.537849900954079 -4.631448977905138 2 8.172367486106715 -4.631433378657786 2
12.6128 -4.62692 2 13.93134297734176 -4.626431831552262 2
12.57473127892196 -5.096484435938966 2 12.6126 -5.09647 2
4.338805019623986 -4.631527624570827 2 4.822894734895943 -4.631515723505537 2
-3.080283470515742 3.4252947730337766 2 -3.080017369657198 4.029178555879507 2
16.5391 -0.881432 2 16.539188231287163 -0.6682475639595737 2
16.6723 -0.740892 2 16.6723 -0.66828156 2
13.9351551598049 8.148556782394849 2 14.513106247119286 8.148830847492142 2
-2.40978 4.57561 2 -2.4097489304314217 4.793950150400473 2
-3.0799297916537447 4.227926264957019 2 -3.07986 4.38631 2
-3.0807407524738366 2.3875485583401925 2 -3.080449824388653 3.0477747356544493 2
-3.0811505696208115 1.4575180039713986 2 -3.0808131848097253 2.223172113874763 2
