4.94063091 7.999291238723251 6.98519087 7.976152635807671
2.54889035 7.973004266467201 4.36322689 7.989020826360783
17.83989153551237 -0.23491001 17.911130748698305 2.49290037
7.56550694 7.973108064899447 9.76644421 7.973370808871535
-2.2093441606168924 5.11313391 -2.209536154396632 5.76190853
-2.19738577985141 6.08019876 -2.2120196450162797 6.64018822
-2.188639061509048 6.99298 -2.214465047888995 7.60965729
14.04284096 -3.9583689455227233 14.75387287 -3.781265925754948
1.68077755 7.9882192144216635 2.43054605 7.927146067038932
7.53784895 -4.5927678112731725 8.17236614 -4.576678917506846
12.57453442 -4.5800791210680565 13.9313345 -4.603534531459766
4.33880424 -4.599815509394184 4.82289362 -4.586166030301823
-3.0799815664160404 3.42529464 -3.0379524282058217 4.02916002
16.590396038212063 -1.48791265 16.62132946416557 -0.66828156
13.93519974 8.054545642394896 14.51313496 8.08828085118438
-2.1936351464339445 4.22753572 -2.1110087915163733 4.79390764
-3.060478961965554 2.38753963 -3.030805666781857 3.04775286
-3.080006867355685 1.4575175 -2.9695140301239658 2.22312307
