-0.8090779795305383 3.745572835811645 2 0.19004892249505367 3.745949488564157 2
-0.809013683202083 3.5501046390838944 2 0.19011230898487996 3.55041214581958 2
2.0379582359010993 2.1545800729177356 2 2.0381493512055076 3.060487920469577 2
2.1754990630588855 2.1545564549985903 2 2.1756614980675746 3.06046388186832 2
8.66056675244348 7.38280111547101 2 9.854972306304294 7.383005420208286 2
5.10466 -0.659993 2 5.831424484596193 -0.6596906250529985 2
4.894238858085153 -0.4259937958065501 2 5.831311771133421 -0.42555281820483 2
2.0229340883122564 3.731893343155708 2 3.3372767292450733 3.7321525659011394 2
2.17568 3.16365 2 3.3375305199727348 3.164152745938952 2
3.8034033104133314 -6.3340681589930785 2 3.803864004348119 -5.14755616510554 2
3.928884878149817 -6.33405435038152 2 3.9290757398993676 -5.147552928329981 2
0.475563 3.77383 2 1.2898914514151096 3.774220818377348 2
0.407395 3.95666 2 1.2898106942527003 3.957059031629049 2
3.936291878891951 -3.579308989390361 2 3.93656 -2.2352 2
3.8044729211944075 -3.579297746999129 2 3.8048 -2.73691 2
-4.5610572751446625 -5.532467137105018 2 -4.56081 -4.75661 2
-4.428405388522238 -5.532498418337705 2 -4.42816 -4.61096 2
0.359735 -1.63042 2 0.359735 -1.63042 2
0.371146 -1.29967 2 0.371146 -1.29967 2
-0.4657775940433272 2.7010455041779773 2 0.271149 2.70107 2
-0.4658237772983473 2.915175538762611 2 0.475558 2.91537 2
2.6223980584282116 -1.4626395532687353 2 3.57421 -1.46255 2
2.6223296045782347 -1.299108661240718 2 3.5928222329089334 -1.298866666262267 2
4.353888310170641 7.3797576963620015 2 5.351932330380022 7.3800887368924855 2
2.4791099063525106 -2.559887091309876 2 2.4793986165932704 -1.7239524641638848 2
2.61726077823731 -2.5599373943415813 2 2.6175572920531422 -1.7240030538498772 2
-0.7272078642543968 -0.5687637688175352 2 -0.7271801359991651 0.6706043747745916 2
-0.442015 0.766177 2 -0.442015 0.766177 2
7.001121103936448 -0.8670098135606406 2 7.001243736888773 0.6587446543099589 2
6.96992 -0.425017 2 6.970333984661919 0.6587820310921826 2
