-5.816626481488392 1.072945700180925 2 -4.6779153115416 1.0730933667644462 2
-5.816663381748741 1.2549791050107413 2 -4.677954168554318 1.2552340621069749 2
-11.207628160942562 4.25322389506704 2 -11.207087169983957 5.715877964518044 2
-11.007647587208092 4.253153869534917 2 -11.007133036057885 5.715807321279668 2
-5.795622979099552 -0.6803390352801486 2 -4.702175910093672 -0.6800132164388067 2
-5.795649185200478 -0.4765832510893044 2 -4.702203117862107 -0.47651469825540793 2
-11.206860902716697 6.327627077840827 2 -11.206512851260593 7.268638883221437 2
-11.00691782684282 6.327557000852899 2 -11.006586785386817 7.268569236656736 2
-6.27196 1.50305 2 -6.271651653363536 3.2100943548149403 2
-6.035952508665312 1.3913914871265074 2 -6.03593 1.50312 2
4.049680807092316 1.9031954601401342 2 4.049791224315719 3.2393734835300645 2
4.227462719912715 1.9030922981670688 2 4.227909511813996 3.239272626055076 2
8.80697 -0.495733 2 8.807415256744179 0.46041599211215156 2
8.97531 -0.475951 2 8.975364667799896 0.460466500236667 2
-3.347082549012913 -5.909531703505239 2 2.687714183974146 -5.9066971830576245 2
-3.3471044692384875 -5.74362395404034 2 2.6877010658639593 -5.741762073790144 2
-1.217027076405276 1.2768624626750242 2 0.5105098840061784 1.276979976999929 2
-1.2169712083571613 1.0887637395938252 2 0.5105652739464746 1.0896096708087215 2
3.0433411612250754 -0.5635197079402843 2 3.04353 1.09085 2
3.26149 -0.470905 2 3.26181 1.07718 2
-9.17515 -0.464539 2 -9.175011069939027 0.4765726289969689 2
-9.01416 -0.490312 2 -9.01377936870675 0.4764555363416876 2
3.991456779831685 -0.672069652131594 2 4.963980630747911 -0.6718314093518122 2
3.9914253983898216 -0.47079820205501244 2 4.963948908559256 -0.4706559106788614 2
-1.43459 2.75918 2 -1.43425271000043 3.7681636810084376 2
-1.2526805317617618 2.741237166859404 2 -1.2522952332367778 3.7680888084032222 2
-4.770019091020532 -7.95089753921369 2 -4.769939091877949 -6.454403578361085 2
-4.946054301801566 -7.95086641766431 2 -4.945848998609423 -6.454373741385546 2
8.041705586064701 1.8699893148215825 2 8.041723229455291 2.9904210719778908 2
11.401666497162648 -1.15272939107331 2 12.285667771150745 -1.152659918943469 2
10.502572992965034 -3.5720204309497112 2 10.502984250991263 -1.985237884720168 2
10.303787499617062 -3.5719333538373834 2 10.30445061470538 -1.9851553122791383 2
11.183073504381962 -4.411681250905641 2 12.37977268110159 -4.411203804989004 2
11.183021828285229 -4.239276006213552 2 12.379722444835858 -4.23889975249153 2
-11.1968 -3.18725 2 -11.196441158612108 -1.9678531377360118 2
-10.9981 -2.95824 2 -10.997751963779717 -1.967924252399467 2
-9.627045828589578 3.535815936988576 2 -8.491313647522794 3.5359524177132298 2
-9.50343 3.58609 2 -8.672 3.58647 2
-13.088594501100431 -4.1681974052046735 2 -11.914179062326719 -4.167730380262521 2
-13.088531938741667 -3.9684033275267887 2 -11.914115512078453 -3.968346894590738 2
4.25723 -7.42255 2 4.257447328762939 -6.488665823368133 2
4.04368 -7.22668 2 4.04402654792986 -6.4885217304312555 2
-3.5119330493543863 -0.4628088248651212 2 -3.5118435316410377 1.0287935014607632 2
-3.70213345424176 -0.46274419153650925 2 -3.7014211933509173 1.0288379155365348 2
-5.7026422391282106 3.587837628081307 2 -4.70678 3.58817 2
-5.7027146163724565 3.760942575449513 2 -4.703912400330337 3.761346464803179 2
9.133727361863693 -0.6708099310083543 2 10.220401290662869 -0.670543724460032 2
9.133645891852886 -0.4758938692836112 2 10.220313556136885 -0.47550177813225813 2
