5.37156455072311 6.20200014 5.346232911066588 7.94999981
5.359417031541113 -0.491 5.346456388374316 1.20500004
12.75300026 9.267794613052693 13.80799961 9.270171698733664
9.65400028 -0.6746248203361436 10.72700024 -0.6402778642139579
-6.95200014 8.426578068131388 -5.94299984 8.413119180833881
5.95550013 -0.6221525052851302 7.01849985 -0.6592921890596564
11.46399975 9.263262240236577 12.52375031 9.318279982509834
-17.708863377620574 -0.4955 -17.76736347705548 1.18649995
2.9059999 9.377060825488613 4.05900002 9.3630008605491
6.50099993 6.061169658464128 7.53200006 6.040215863865858
11.242491483181034 8.07299995 11.259346306937422 9.10700035
7.76200008 6.0767444369755905 8.79500008 6.06231137691083
-19.053584823546633 6.21799994 -19.04034367447983 7.87300014
13.914833883827265 5.64499998 13.916894016154387 6.6869998
-11.35099983 8.410675276756033 -10.32600021 8.442719422442805
13.911215070952633 2.00999999 13.935760701843805 3.05900002
-3.0150001 16.608204984895202 -1.96700001 16.661685792406
-23.68799973 8.034761568992137 -22.32299995 8.051011921164644
3.86899996 2.009000049999969 3.87700009 1.6116628022465704
-14.73999977 18.706419433449714 -12.83199978 18.664885610542104
-8.30200005 19.19329822841753 -6.43100023 19.205160722246486
-4.25400019 19.22203266517859 -2.43199992 19.216103069141106
-6.24700022 19.1984962380397 -4.44299984 19.222238157957577
-10.26399994 19.164895576046852 -8.45100021 19.195607630020874
-25.621487718458244 -0.47499999 -25.653507258146323 0.55299997
1.2667170897735955 -0.41499999 1.309296758296334 0.61400002
-12.45950031 21.707125597363312 -10.71450043 21.71809062133134
-2.23200011 21.768909841753644 -0.50599998 21.740944486404548
-11.54899979 16.43250116917803 -10.52400017 16.47570668410203
-13.43599987 5.804308865425349 -12.42500019 5.812374772490028
-1.35500002 5.69919055102522 -0.3265 5.694300269695729
-14.067609159498279 2.33949995 -14.062053474707048 3.6565001
-14.06050014 3.856769078535308 -14.04850006 5.077059078576667
-6.81899977 5.7139658034069205 -5.79699993 5.681000475403105
-8.32699966 5.824635892251426 -7.3119998 5.645005523979648
-3.28399992 5.693923052511137 -2.28800011 5.687109088485769
-16.141435057043367 12.28899956 -16.152026088801602 13.30099964
-14.055037019757277 -0.41749999 -14.079617026526913 0.63450003
-13.56900024 16.61838400879251 -12.54899979 16.58825754106572
-2.53250003 8.39863073296715 -1.52199996 8.409470115122089
-17.72900009 11.661444641767975 -16.73150063 11.685018755465082
-6.68300009 16.290223536493134 -5.48899984 16.23706398263111
1.4406084893971078 11.77700043 1.3743879991066672 12.7670002
-21.741926005171504 12.0 -21.763707537530134 12.95499992
-13.57999992 12.30482123788658 -12.58450031 12.310881673917748
-17.100531122390354 3.31649995 -17.092862564826934 4.37050009
-1.97500002 -0.49515214357720577 -0.92299998 -0.5156723124833049
-11.99300003 -0.5189609698770429 -10.95400047 -0.515263279512981
-16.25250053 -4.775352086172194 -13.97049999 -4.801284103669413
-14.07050037 2.3600378576531966 -14.06050014 1.5549628874036898
-14.05749989 4.859999233701956 -14.04950047 5.909999433702524
1.58800006 7.987945969113655 3.51300001 8.042912470815157
-24.404093503982484 3.20799994 -24.38788576884464 5.84600019
3.239502917473216 16.18899918 3.1910304533110176 19.91600037
-16.16561798622323 16.07799911 -16.143599748771283 19.89599991
-13.167839563706494 -3.91199994 -13.153195767534937 -0.7015
0.2408175128292734 -3.89100003 0.25475523982104814 -0.68300003
10.88049984 -0.7092758594308578 12.27099991 -0.6090432961279062
13.930695821786705 -0.13500001 13.92158754851108 1.26400006
-23.38299942 -0.6535686247091395 -21.95400047 -0.681588259055864
-21.81749916 -0.6417732305721734 -20.15099907 -0.6314225825024804
-13.997831784418553 8.44499969 -14.048519647834526 9.47900009
