5.36389 6.24917 2 5.383496664737602 7.949570135884082 2
5.196681248749393 6.202204704660026 2 5.198725883105512 7.950172352059109 2
5.47909 -0.457472 2 5.479802932006991 1.2049428539018645 2
12.753004508700265 9.26733553976312 2 13.807935499348192 9.277098873159954 2
12.7744 9.34503 2 13.807769095499314 9.348087240638401 2
9.654051112106963 -0.7294700203589011 2 10.6931 -0.728507 2
9.653972965842733 -0.5500473991489732 2 10.72698040498444 -0.5498121374646168 2
-6.951836091243182 8.249751486228035 2 -5.951 8.25068 2
-6.951962385178859 8.070478100934045 2 -5.942963523473815 8.0705850781176 2
5.956473870175619 -0.7823266906571394 2 6.95819 -0.776237 2
5.954249540546788 -0.4539394006156159 2 6.93755 -0.446629 2
11.464072454127717 9.255406538258551 2 12.524241392759938 9.265218348601213 2
11.463488289928664 9.34688245874862 2 12.523535706402573 9.353366200801625 2
-17.71531721053583 -0.4953513478586403 2 -17.67662700503961 1.1844100026707625 2
-17.6278 -0.458346 2 -17.62040770981662 1.1858392338877515 2
2.9105418435202823 9.178119252283425 2 3.77871 9.19794 2
2.9069195588087196 9.175825929595797 2 3.49861 9.17853 2
6.501421716430016 5.975941888400832 2 7.532292899505797 5.981043599683361 2
6.53645 6.14891 2 7.531963652718738 6.149242432232777 2
11.278415854384077 8.072994347103567 2 11.27857712127745 9.106997350691802 2
11.210741178448364 8.073054964946873 2 11.212532875046785 9.107081465393698 2
7.761975845069778 6.149319240287052 2 8.794970910244082 6.149664188701395 2
7.8047 5.93927 2 8.795663494153178 5.944867742353453 2
-18.922840187864697 6.217926426383258 2 -18.921909629156666 7.8729335482429335 2
-19.202010557651583 6.21808788115834 2 -19.20102997787309 7.873095345455678 2
13.8974734327662 5.645011575655303 2 13.898169421670081 6.687012306814631 2
14.076248996862182 5.6447010946304434 2 14.078178423219844 6.686701156653023 2
-11.350999030831328 8.407899728603901 2 -10.325990269279778 8.408194861256533 2
-11.35096371179332 8.070011705192442 2 -10.325960705895728 8.070120379184921 2
13.895045488008964 2.010010790232641 2 13.89574616262862 3.059026747116839 2
13.968488503650276 2.0091138806000672 2 13.984720161570898 3.0582425407389113 2
-3.01534371582411 16.67872749644634 2 -1.9671079301610157 16.683834949306853 2
-3.0147875253746395 16.463858041353856 2 -1.9667109490922767 16.465401506564042 2
-23.688172754866546 8.056122054931532 2 -22.32313090876292 8.067179208964463 2
-23.68905092917739 8.13677488398554 2 -22.32402863954961 8.150840795950717 2
4.037144470457618 2.00872053578669 2 4.0364839827392744 1.6113976849692453 2
4.336130017280439 2.007712294178326 2 4.335034731166469 1.6104001201166502 2
-14.1007 18.8074 2 -12.832235736121143 18.809470083334222 2
-8.302007795413726 19.207665480333336 2 -6.431002124092118 19.208674143165304 2
-4.253889611901208 19.198694490146817 2 -2.4319583380280356 19.20732694303232 2
-6.247005760403677 19.208773335966328 2 -4.89909 19.2095 2
-4.71705 19.1965 2 -4.442884045451505 19.197799019737676 2
-10.264022427117265 19.20660775439209 2 -8.451006667107105 19.20758515474898 2
-25.730209328794626 -0.4735634878349445 2 -25.716634669766016 0.5538340513126797 2
-25.522032580929572 -0.47520464860466594 2 -25.519917308989935 0.5527250688408328 2
1.1988394646766167 -0.4149000806732447 2 1.200354142554252 0.6141603730379592 2
1.4747620552917184 -0.41551287282186666 2 1.477299040778749 0.6135858523968332 2
-12.45957726926122 21.807773881180015 2 -10.714570025262711 21.809108175846873 2
-2.2320341289170136 21.810022337984364 2 -0.5060583208665868 21.81145051270409 2
-11.549499689141358 16.56942431307184 2 -10.52435599266102 16.573167058374544 2
-11.549014698538572 16.648276324152363 2 -10.524012098235968 16.648347144589522 2
-13.436039229063404 5.848019925959378 2 -12.425033105931627 5.848930273446151 2
-13.435977517428903 5.670693918369302 2 -12.424976516369806 5.670863049684713 2
-1.3547206368365423 5.6609897638731494 2 -0.32631138961522144 5.668511080846912 2
-1.355065857462332 5.850237932976596 2 -0.3265681644028344 5.850686227261805 2
-14.10300369899173 2.339507050262211 2 -14.102739504173355 3.6565082617526796 2
-13.464361142396577 2.3386017747084287 2 -13.46240025439117 3.6556072769973045 2
-14.102699329490033 3.856777543832914 2 -14.102454534788917 5.077069902023559 2
-13.462102071352696 3.855878124326514 2 -13.46028516037514 5.076183286076734 2
-6.818984211220016 5.567980989881972 2 -5.7969878962098615 5.568089912278933 2
-6.8190581292523955 5.847856326749961 2 -5.7970728521080055 5.848301782449476 2
-8.327024858175886 5.85262027237273 2 -7.36113 5.85349 2
-8.326845677945848 5.565778752130357 2 -7.311953030804457 5.566382464488755 2
-3.283928644002023 5.669687360459142 2 -2.2879574878908224 5.672616463451344 2
-3.2840676869404604 5.8493971333305215 2 -2.288071036187427 5.849831261291754 2
-16.12104501541667 12.288993015986094 2 -16.120720223550403 13.300989592643484 2
-16.185896757503603 12.2893512755792 2 -16.17789246496318 13.301204256723592 2
-14.10355676181084 -0.41749025677855134 2 -14.103345728109499 0.6345047900563693 2
-14.030665289150791 -0.41766904509385294 2 -14.023369599492977 0.6341098683734113 2
-13.569002295704692 16.648136757282344 2 -12.549003932100044 16.648207231962107 2
-13.568024245383475 16.365654159578416 2 -12.548155347964219 16.369592699313777 2
-2.5325097387086593 8.40651332662511 2 -1.5219978511726464 8.407757937972452 2
-2.53246528792098 8.070946669700714 2 -1.521964080055061 8.071053806167662 2
-17.7302589125694 11.799815743673058 2 -16.732627555870966 11.808891633439526 2
-17.732154613975197 11.88823412996169 2 -16.73452026625704 11.902110705518274 2
-6.658 16.6486 2 -5.489034244302644 16.648697702033978 2
-6.684266598797851 16.806731154433823 2 -6.65619 16.8068 2
1.4595328457884162 11.776949434008028 2 1.462200125599719 12.766763570208996 2
1.21905 13.059 2 1.21905 13.059 2
-21.722021900298135 11.9999848318563 2 -21.721294145097648 12.954967598404266 2
-21.80756118290886 12.000294118799165 2 -21.80328224146062 12.955177258811268 2
-13.579951913043356 12.17038575696475 2 -12.58445026580658 12.170741250946623 2
-13.5626 12.4455 2 -12.584905747302242 12.44838283899279 2
-17.162580834458375 3.316693385956615 2 -17.15929501472683 4.370707188857809 2
-1.9750187566484458 -0.44981773064934455 2 -0.9230273773017572 -0.4493829441070727 2
-1.9704137205569223 -0.7015431547157063 2 -1.10066 -0.682216 2
-11.993022907010099 -0.45082180414384193 2 -10.954022222666564 -0.4504729705634368 2
-11.9218 -0.734022 2 -10.951533630033516 -0.722470818660687 2
-16.25247804068426 -4.791819104766429 2 -13.970517172811526 -4.788702588065556 2
-14.102999579135737 2.360044377102519 2 -14.10316107944047 1.55497144532987 2
-13.464330570006126 2.3591353321223756 2 -13.4653 1.70803 2
-14.102498078075332 4.860008260487978 2 -14.1023 5.84742 2
-13.460608359767631 4.859110522576507 2 -13.4594 5.67069 2
1.5878789207770347 8.01237878975544 2 3.49613 8.02184 2
1.5880291278110579 7.966010913361311 2 3.5130985375056953 7.968561969283191 2
-24.405 3.32195 2 -24.39827291763049 5.846027873458661 2
-24.322481951393353 3.2078418476747235 2 -24.31737175585182 5.845863595070421 2
3.230418903750184 16.189003886648702 2 3.232349940287657 19.915978961367674 2
-16.261 17.0978 2 -16.258674675473795 19.89609553483522 2
-13.027351456158232 -3.9123734670397807 2 -13.0189 -0.733677 2
-13.304129835381376 -3.9118909023984583 2 -13.301561300868364 -0.701381301712094 2
0.1058354807728388 -3.888712209507738 2 0.159358 -0.730869 2
0.37786430600157683 -3.891051366795746 2 0.379057 -0.70708 2
10.9154 -0.746251 2 12.271380363370689 -0.7423820011234158 2
10.880464869486733 -0.5497784853087005 2 12.270986849079026 -0.5494736071399945 2
13.987523723879717 -0.1353304722591413 2 13.995658523351416 1.2635693268428532 2
13.894 0.444757 2 13.894547213291391 1.2640181211900812 2
-23.38364782094808 -0.6001409681127304 2 -21.955199306104944 -0.5828052391978994 2
-23.383252039547695 -0.5512804716694699 2 -22.0173 -0.547907 2
-21.817259068829628 -0.6756260855945363 2 -20.150769393210084 -0.6638070098809226 2
-21.7205 -0.637349 2 -20.150993651847994 -0.6349118921150969 2
-14.101860413782262 8.445010601458122 2 -14.101751959080925 9.479005673483494 2
-13.828812529812586 8.444604438893057 2 -13.826394812857936 9.47848065162531 2
