-27.7866 -4.71792 2.2 -29.1958 -4.74215 2.2 -29.1889 -4.24504 2.2 -29.6691 -4.25383 2.2 -29.6604 0.570019 2.2 -25.7158 0.617006 2.2 -25.7799 -4.2344 2.2 -25.8688 -4.23884 2.2 -25.8911 -4.68533 2.2 -27.3239 -4.70996 2.2 -27.3157 -4.21073 2.2 -27.7654 -4.21897 2.2
-29.6406 0.834159 2.2 -27.2024 0.836147 2.2 -27.1649 1.70661 2.2 -26.5498 1.71621 2.2 -26.554 0.836676 2.2 -24.5335 0.838324 2.2 -24.5117 3.31941 2.2 -24.405 3.32195 2.2 -24.3927 7.93705 2.2 -29.6147 7.93427 2.2
-29.6268 13.0755 2.2 -29.6302 8.41145 2.2 -24.2638 8.4146 2.2 -24.265 8.13084 2.2 -22.2028 8.15209 2.2 -22.2002 11.9316 2.2 -21.8078 11.947 2.2 -21.8015 13.3529 2.2 -22.0852 13.3495 2.2 -22.0716 13.9078 2.2 -23.5258 13.9046 2.2 -23.5542 13.3316 2.2 -23.9653 13.3266 2.2 -23.9631 13.8224 2.2 -25.3654 13.8111 2.2 -25.3848 13.4101 2.2 -25.8354 13.401 2.2 -25.8293 13.8073 2.2 -27.2658 13.7956 2.2 -27.2801 13.3716 2.2 -27.6963 13.3632 2.2 -27.6926 14.01 2.2 -29.1591 14.0095 2.2 -29.1778 13.0959 2.2
-25.5217 -4.71045 2.2 -23.9673 -4.70479 2.2 -23.9548 -4.28864 2.2 -23.534 -4.27526 2.2 -23.5364 -4.70322 2.2 -22.0 -4.69762 2.2 -21.8446 -0.581463 2.2 -25.5196 -0.626063 2.2
-25.5195 0.755519 2.2 -25.5222 -0.556563 2.2 -22.0173 -0.547907 2.2 -22.0193 -0.677059 2.2 -17.7188 -0.646559 2.2 -17.6691 1.5112 2.2 -19.2048 1.51011 2.2 -19.2009 8.09247 2.2 -24.3131 8.05106 2.2 -24.3272 0.772257 2.2
-22.0224 11.5111 2.2 -22.0234 8.49399 2.2 -21.7596 8.50717 2.2 -21.7597 8.44784 2.2 -16.5476 8.46761 2.2 -16.5438 8.61274 2.2 -16.3336 8.61792 2.2 -16.325 11.8126 2.2 -21.7551 11.7632 2.2 -21.7555 11.52 2.2
-21.7205 -0.637349 2.2 -21.722 -4.7921 2.2 -18.3575 -4.79194 2.2 -18.3344 -4.24429 2.2 -16.9065 -4.19279 2.2 -16.9021 -0.732846 2.2 -18.187 -0.756751 2.2 -18.1817 -0.631854 2.2
-21.7208 13.6034 2.2 -21.7221 11.8975 2.2 -20.1319 11.9328 2.2 -20.1189 13.612 2.2
-19.888 13.602 2.2 -19.8986 11.8581 2.2 -16.1889 11.9097 2.2 -16.1773 13.3761 2.2 -19.761 13.3257 2.2 -19.7489 13.6026 2.2
-18.9218 8.06791 2.2 -18.9229 6.11155 2.2 -16.8542 6.1123 2.2 -16.8664 5.84494 2.2 -17.1547 5.84468 2.2 -17.1679 1.61043 2.2 -17.6185 1.61015 2.2 -17.6278 -0.458346 2.2 -16.7196 -0.45347 2.2 -16.7257 -4.28989 2.2 -16.2707 -4.28453 2.2 -16.2751 -4.79185 2.2 -13.9613 -4.78869 2.2 -13.9347 -4.257 2.2 -13.3044 -4.24958 2.2 -13.3015 -0.624759 2.2 -14.1036 -0.633031 2.2 -14.1023 5.84742 2.2 -7.36113 5.85349 2.2 -7.36125 5.84762 2.2 1.37983 5.85143 2.2 1.37641 1.2586 2.2 1.47889 1.25894 2.2 1.47415 -0.663786 2.2 0.379057 -0.70708 2.2 0.377525 -4.79685 2.2 3.34116 -4.78887 2.2 3.39499 -0.587847 2.2 4.03287 -0.562629 2.2 4.0413 4.50852 2.2 3.83658 4.49946 2.2 3.84338 6.11526 2.2 5.19665 6.17549 2.2 5.19875 7.97079 2.2 4.04704 7.96927 2.2 4.04721 8.07217 2.2 3.85162 8.07212 2.2 3.85119 7.96901 2.2 0.417684 7.96446 2.2 0.422837 8.07126 2.2 -14.1019 8.0676 2.2 -14.101 16.6481 2.2 -6.86437 16.6486 2.2 -6.8601 16.8063 2.2 -6.65619 16.8068 2.2 -6.658 16.6486 2.2 -5.46154 16.6487 2.2 -5.4615 16.8098 2.2 -4.91383 16.8111 2.2 -4.89909 19.2095 2.2 -10.4639 19.2065 2.2 -10.4637 21.8093 2.2 -12.5562 21.8077 2.2 -12.5688 18.8099 2.2 -14.1007 18.8074 2.2 -14.1005 20.1156 2.2 -16.2585 20.1063 2.2 -16.261 17.0978 2.2 -16.1195 17.103 2.2 -16.1224 8.06709 2.2
-14.0187 1.3073 2.2 -14.0309 -0.451506 2.2 -10.1797 -0.450213 2.2 -10.1679 1.31195 2.2
-13.8201 12.1703 2.2 -13.8289 8.4072 2.2 -11.9028 8.41444 2.2 -11.9013 10.4481 2.2 -10.4648 10.4554 2.2 -10.4597 12.1715 2.2
-13.8217 15.1085 2.2 -13.8252 14.4472 2.2 -11.904 14.4511 2.2 -11.8989 16.3721 2.2 -13.8151 16.3647 2.2 -13.8191 15.603 2.2 -13.5545 15.6162 2.2 -13.5607 15.1163 2.2
-13.5607 14.2709 2.2 -13.5626 12.4455 2.2 -11.9008 12.4504 2.2 -11.8937 14.2722 2.2
-13.4594 5.67069 2.2 -13.4653 1.70803 2.2 -7.2037 1.71265 2.2 -7.19842 5.56645 2.2 -8.5601 5.56564 2.2 -8.55776 5.67151 2.2
-13.0189 -0.733677 2.2 -13.0281 -4.19391 2.2 -12.1046 -4.19217 2.2 -12.0968 -0.718804 2.2
-11.9243 -4.70869 2.2 -10.4677 -4.70311 2.2 -10.4429 -4.20653 2.2 -9.94573 -4.19497 2.2 -9.9618 -4.70117 2.2 -8.50412 -4.69559 2.2 -8.5022 -0.820745 2.2 -10.2746 -0.839232 2.2 -10.2684 -0.714338 2.2 -11.9218 -0.734022 2.2
-11.7205 16.5688 2.2 -11.723 12.4479 2.2 -8.16381 12.4495 2.2 -8.15978 16.5818 2.2
-11.6173 10.2665 2.2 -11.6279 8.40782 2.2 -7.70336 8.40895 2.2 -7.69747 12.2713 2.2 -10.0592 12.2668 2.2 -10.0612 10.2701 2.2
-4.93345 -0.649569 2.2 -8.57715 -0.759597 2.2 -8.57557 -0.651771 2.2 -10.1203 -0.652705 2.2 -10.072 1.28495 2.2 -2.81702 1.29064 2.2 -2.82072 -0.648292 2.2
-8.22684 -4.79829 2.2 -6.66561 -4.79465 2.2 -6.66332 -4.19429 2.2 -6.19774 -4.18849 2.2 -6.19933 -4.79356 2.2 -4.70367 -4.79007 2.2 -4.70148 -0.828405 2.2 -8.21936 -0.830692 2.2
-7.5149 12.7694 2.2 -7.52472 8.24922 2.2 -5.951 8.25068 2.2 -5.94318 8.40751 2.2 -4.70397 8.40812 2.2 -4.69909 12.7717 2.2
-6.9221 5.56797 2.2 -6.92706 1.70771 2.2 -4.2035 1.70996 2.2 -4.20109 5.56826 2.2
-4.71705 19.1965 2.2 -4.72445 16.6704 2.2 -0.435007 16.6913 2.2 -0.43347 17.2936 2.2 -0.207536 17.3006 2.2 -0.19628 18.9749 2.2 -0.429191 18.9712 2.2 -0.426646 19.9688 2.2 -2.26203 19.9622 2.2 -2.2688 19.2081 2.2
-4.67211 16.1539 2.2 -4.67647 13.05 2.2 1.21905 13.059 2.2 1.22376 16.4701 2.2 -3.0542 16.4638 2.2 -3.06432 16.216 2.2
-4.42139 -0.937283 2.2 -4.42455 -4.74668 2.2 -2.96448 -4.73799 2.2 -2.95328 -4.20061 2.2 -2.44856 -4.19191 2.2 -2.45881 -4.73498 2.2 -1.10258 -4.7269 2.2 -1.10066 -0.682216 2.2 -2.88079 -0.721773 2.2 -2.88512 -0.92955 2.2
-4.42069 12.7505 2.2 -4.42696 8.40418 2.2 -1.46349 8.40783 2.2 -1.45883 12.7725 2.2
-3.92228 5.66781 2.2 -3.92429 1.70755 2.2 -1.70085 1.70944 2.2 -1.69851 5.67435 2.2
-2.73246 1.30994 2.2 -2.74509 -0.450136 2.2 1.19879 -0.448506 2.2 1.20138 1.31112 2.2
-2.25903 21.81 2.2 -2.26348 20.2478 2.2 -0.459458 20.2482 2.2 -0.446252 21.8115 2.2
-1.42032 5.66051 2.2 -1.42368 1.70914 2.2 1.19851 1.71053 2.2 1.20139 5.56967 2.2 0.638675 5.56336 2.2 0.638873 5.67557 2.2
-0.921742 -0.757237 2.2 -0.924577 -4.21836 2.2 0.100603 -4.19743 2.2 0.159358 -0.730869 2.2
-0.0202472 19.1082 2.2 -0.0215305 17.1108 2.2 1.34234 17.1182 2.2 1.37963 19.1171 2.2
3.77871 9.19794 2.2 3.78191 15.2086 2.2 3.22991 15.2068 2.2 3.2325 20.2056 2.2 1.45476 20.1594 2.2 1.43279 15.201 2.2 1.46876 15.2011 2.2 1.45244 9.14483 2.2
1.53803 9.16957 2.2 1.5377 8.01213 2.2 3.49613 8.02184 2.2 3.49861 9.17853 2.2
4.08 13.3091 2.2 4.07646 8.15857 2.2 7.26165 8.22782 2.2 7.26998 13.3113 2.2
4.12314 -0.793472 2.2 4.11782 -4.29265 2.2 5.46561 -4.28196 2.2 5.45809 -4.79343 2.2 6.95726 -4.78883 2.2 6.95819 -0.776237 2.2
4.34704 5.96528 2.2 4.33461 1.45633 2.2 7.26126 1.45956 2.2 7.27214 1.7297 2.2 7.4975 1.73899 2.2 7.54571 5.98111 2.2
5.38368 7.96547 2.2 5.36389 6.24917 2.2 6.53922 6.25302 2.2 6.53645 6.14891 2.2 11.4776 6.15056 2.2 11.4775 1.27096 2.2 5.47983 1.26806 2.2 5.47909 -0.457472 2.2 6.93755 -0.446629 2.2 6.93293 -0.550644 2.2 13.7971 -0.549139 2.2 13.7983 0.441479 2.2 13.894 0.444757 2.2 13.8999 9.27795 2.2 11.2786 9.25369 2.2 11.2784 7.97134 2.2
8.73192 -4.74159 2.2 6.96493 -4.75483 2.2 7.08294 -0.731853 2.2 10.6931 -0.728507 2.2 10.6761 -4.72703 2.2 9.142 -4.73852 2.2 9.15016 -4.30217 2.2 8.74677 -4.30788 2.2
7.34565 10.4632 2.2 7.34116 8.42564 2.2 7.72536 8.43632 2.2 7.72092 8.04617 2.2 11.2107 8.04929 2.2 11.2149 10.4732 2.2
7.3944 13.5237 2.2 7.27878 13.5194 2.2 7.28278 13.7805 2.2 8.73902 13.7908 2.2 8.73559 13.3247 2.2 9.14291 13.3266 2.2 9.16342 13.7938 2.2 10.604 13.804 2.2 10.6001 13.3333 2.2 11.0277 13.3352 2.2 11.0431 13.8071 2.2 12.4583 13.8171 2.2 12.4377 13.3417 2.2 12.5886 13.3346 2.2 12.5787 10.7399 2.2 12.5683 9.35364 2.2 11.3748 9.34634 2.2 11.3809 10.6809 2.2 10.5775 10.6413 2.2 10.5777 10.675 2.2 7.31727 10.67 2.2
7.8047 5.93927 2.2 7.77609 1.43498 2.2 11.201 1.45363 2.2 11.2072 5.95849 2.2
12.529 -4.79164 2.2 10.9009 -4.79304 2.2 10.9154 -0.746251 2.2 13.804 -0.738009 2.2 13.7977 -1.93188 2.2 17.5369 -1.92938 2.2 17.5369 -4.2255 2.2 16.2478 -4.25422 2.2 16.2303 -4.78847 2.2 14.7324 -4.78976 2.2 14.7476 -4.28764 2.2 14.3387 -4.29675 2.2 14.3324 -4.7901 2.2 12.9405 -4.79129 2.2 12.9407 -4.3279 2.2 12.5333 -4.33697 2.2
12.6682 13.3027 2.2 12.6563 10.0989 2.2 12.7774 10.0757 2.2 12.7744 9.34503 2.2 17.5234 9.35908 2.2 17.6079 13.3085 2.2 16.216 13.3068 2.2 16.2186 13.8305 2.2 14.7741 13.8152 2.2 14.7529 13.3051 2.2 14.3332 13.305 2.2 14.3397 13.8107 2.2 12.9589 13.796 2.2 12.9348 13.303 2.2
13.9986 1.7694 2.2 13.9781 -1.75588 2.2 17.538 -1.74551 2.2 17.5425 1.77453 2.2
17.5406 2.05973 2.2 13.9683 1.99693 2.2 14.0236 5.57123 2.2 17.55 5.61702 2.2
14.0827 9.12861 2.2 14.0762 5.61824 2.2 17.5312 5.63712 2.2 17.5439 9.14628 2.2
